36 [153, 56]
36 [16, 151]
36 [235, 111]
36 [195, 163]
36 [132, 116]
36 [199, 196]
36 [54, 111]
36 [80, 39]
36 [206, 236]
36 [79, 239]
36 [160, 21]
36 [80, 103]
36 [200, 149]
36 [85, 115]
36 [14, 122]
36 [227, 217]
36 [64, 107]
36 [146, 104]
36 [234, 187]
36 [159, 246]
36 [79, 195]
36 [65, 87]
36 [124, 130]
36 [24, 189]
36 [200, 108]
36 [157, 189]
36 [105, 230]
36 [110, 196]
36 [26, 110]
36 [31, 153]
36 [23, 182]
36 [101, 89]
36 [119, 22]
36 [175, 29]
36 [218, 245]
36 [89, 186]
36 [174, 181]
36 [221, 0]
36 [204, 159]
36 [242, 162]
36 [100, 88]
36 [82, 114]
36 [235, 122]
36 [137, 217]
36 [98, 1]
36 [56, 7]
36 [247, 241]
36 [146, 157]
36 [20, 142]
36 [115, 205]
36 [118, 188]
36 [224, 170]
36 [88, 21]
36 [181, 34]
36 [238, 56]
36 [144, 120]
36 [152, 83]
36 [136, 17]
36 [70, 195]
36 [132, 37]
36 [227, 215]
36 [116, 227]
36 [77, 182]
36 [185, 62]
36 [180, 173]
36 [240, 108]
36 [52, 186]
36 [189, 163]
36 [81, 17]
36 [91, 196]
36 [104, 171]
36 [160, 14]
36 [231, 165]
36 [2, 88]
36 [101, 107]
36 [193, 176]
36 [146, 61]
36 [1, 199]
36 [37, 237]
36 [57, 138]
36 [145, 36]
36 [75, 69]
36 [150, 233]
36 [20, 241]
36 [39, 140]
36 [221, 87]
36 [131, 151]
36 [40, 67]
36 [243, 74]
36 [92, 102]
36 [231, 23]
36 [178, 106]
36 [248, 62]
36 [205, 216]
36 [129, 230]
36 [25, 214]
36 [209, 220]
36 [192, 87]
36 [33, 108]
36 [66, 0]
36 [15, 110]
36 [91, 229]
36 [45, 149]
36 [77, 234]
36 [166, 146]
36 [119, 166]
36 [165, 85]
36 [16, 166]
36 [118, 12]
36 [157, 197]
36 [108, 181]
36 [187, 31]
36 [57, 162]
36 [44, 240]
36 [38, 165]
36 [117, 233]
36 [23, 81]
36 [109, 208]
36 [89, 16]
36 [175, 91]
36 [185, 145]
36 [235, 63]
36 [72, 13]
36 [84, 21]
36 [191, 155]
36 [243, 29]
36 [202, 142]
36 [126, 67]
36 [204, 68]
36 [227, 5]
36 [116, 73]
36 [94, 89]
36 [230, 144]
36 [85, 97]
36 [183, 202]
36 [30, 0]
36 [46, 159]
36 [17, 204]
36 [203, 2]
36 [49, 140]
36 [71, 230]
36 [112, 158]
36 [139, 252]
36 [243, 215]
36 [195, 41]
36 [85, 217]
36 [126, 183]
36 [218, 163]
36 [110, 34]
36 [129, 64]
36 [36, 126]
36 [36, 117]
36 [150, 194]
36 [175, 248]
36 [37, 206]
36 [76, 113]
36 [69, 108]
36 [3, 240]
36 [171, 195]
36 [72, 108]
36 [53, 241]
36 [171, 47]
36 [13, 133]
36 [217, 140]
36 [28, 111]
36 [163, 28]
36 [253, 81]
36 [188, 251]
36 [83, 54]
36 [22, 179]
36 [120, 235]
36 [159, 104]
36 [162, 248]
36 [204, 199]
36 [59, 49]
36 [78, 234]
36 [176, 129]
36 [43, 243]
36 [118, 158]
36 [168, 66]
36 [189, 73]
36 [82, 208]
36 [90, 143]
36 [201, 179]
36 [47, 202]
36 [208, 74]
36 [113, 189]
36 [160, 54]
36 [185, 210]
36 [101, 145]
36 [99, 26]
36 [41, 187]
36 [79, 243]
36 [23, 30]
36 [246, 111]
36 [135, 11]
36 [113, 96]
36 [205, 132]
36 [205, 114]
36 [168, 42]
36 [12, 142]
36 [127, 114]
36 [59, 219]
36 [100, 132]
36 [142, 71]
36 [217, 22]
36 [153, 140]
36 [42, 15]
36 [224, 24]
36 [58, 232]
36 [239, 13]
36 [229, 49]
36 [108, 243]
36 [7, 80]
36 [56, 250]
36 [160, 111]
36 [88, 117]
36 [154, 91]
36 [205, 223]
36 [164, 26]
36 [1, 208]
36 [124, 29]
36 [151, 95]
36 [169, 48]
36 [9, 47]
36 [220, 22]
36 [180, 56]
36 [25, 239]
36 [82, 121]
36 [80, 45]
36 [95, 156]
36 [56, 102]
36 [246, 208]
36 [49, 228]
36 [155, 96]
36 [166, 124]
36 [146, 74]
36 [109, 235]
36 [231, 92]
36 [140, 222]
36 [136, 161]
36 [19, 249]
36 [96, 21]
36 [216, 71]
36 [151, 125]
36 [119, 94]
36 [52, 248]
36 [156, 20]
36 [35, 55]
36 [65, 79]
36 [206, 254]
36 [135, 194]
36 [27, 239]
36 [146, 144]
36 [15, 230]
36 [186, 116]
36 [58, 170]
36 [242, 226]
36 [105, 58]
36 [147, 129]
36 [148, 70]
36 [63, 94]
36 [119, 194]
36 [175, 203]
36 [77, 226]
36 [21, 6]
36 [173, 21]
36 [136, 80]
36 [1, 244]
36 [108, 198]
36 [174, 237]
36 [127, 240]
36 [225, 250]
36 [52, 183]
36 [232, 62]
36 [234, 229]
36 [102, 134]
36 [106, 17]
36 [33, 159]
36 [242, 204]
36 [252, 180]
36 [73, 117]
36 [64, 91]
36 [7, 134]
36 [104, 162]
36 [92, 170]
36 [134, 142]
36 [120, 191]
36 [199, 58]
36 [94, 224]
36 [245, 86]
36 [136, 108]
36 [79, 122]
36 [254, 118]
36 [116, 222]
36 [216, 213]
36 [131, 34]
36 [132, 93]
36 [104, 246]
36 [128, 14]
36 [252, 182]
36 [133, 122]
36 [188, 162]
36 [32, 7]
36 [245, 14]
36 [159, 3]
36 [147, 81]
36 [179, 247]
36 [159, 162]
36 [158, 38]
36 [136, 18]
36 [85, 53]
36 [30, 189]
36 [82, 234]
36 [112, 134]
36 [141, 115]
36 [77, 150]
36 [34, 93]
36 [59, 149]
36 [18, 173]
36 [212, 1]
36 [197, 174]
36 [189, 115]
36 [117, 70]
36 [219, 147]
36 [221, 6]
36 [191, 78]
36 [124, 80]
36 [77, 144]
36 [151, 123]
36 [85, 95]
36 [158, 86]
36 [182, 109]
36 [172, 55]
36 [145, 79]
36 [179, 3]
36 [236, 69]
36 [213, 41]
36 [81, 141]
36 [65, 17]
36 [237, 118]
36 [63, 185]
36 [3, 30]
36 [202, 17]
36 [108, 117]
36 [251, 51]
36 [65, 30]
36 [11, 25]
36 [26, 237]
36 [195, 165]
36 [30, 17]
36 [51, 160]
36 [165, 186]
36 [2, 65]
36 [93, 220]
36 [165, 214]
36 [46, 177]
36 [19, 153]
36 [44, 116]
36 [126, 163]
36 [132, 233]
36 [53, 227]
36 [205, 242]
36 [186, 249]
36 [78, 81]
36 [19, 115]
36 [93, 180]
36 [236, 189]
36 [153, 160]
36 [131, 183]
36 [75, 42]
36 [143, 123]
36 [172, 80]
36 [210, 76]
36 [84, 16]
36 [154, 74]
36 [44, 85]
36 [96, 167]
36 [124, 202]
36 [213, 26]
36 [184, 235]
36 [48, 148]
36 [77, 188]
36 [23, 53]
36 [123, 232]
36 [247, 111]
36 [125, 67]
36 [10, 50]
36 [190, 200]
36 [157, 51]
36 [134, 74]
36 [88, 66]
36 [120, 32]
36 [14, 55]
36 [29, 129]
36 [138, 215]
36 [207, 14]
36 [226, 15]
36 [179, 24]
36 [110, 103]
36 [241, 99]
36 [240, 150]
36 [117, 159]
36 [103, 11]
36 [65, 169]
36 [144, 196]
36 [243, 8]
36 [153, 131]
36 [98, 115]
36 [92, 52]
36 [8, 130]
36 [114, 154]
36 [166, 19]
36 [177, 216]
36 [191, 245]
36 [76, 159]
36 [250, 184]
36 [178, 63]
36 [186, 12]
36 [170, 137]
36 [150, 204]
36 [101, 17]
36 [230, 119]
36 [167, 91]
36 [129, 21]
36 [15, 3]
36 [238, 53]
36 [105, 18]
36 [217, 98]
36 [64, 228]
36 [231, 66]
36 [222, 77]
36 [112, 224]
36 [106, 16]
36 [201, 184]
36 [43, 229]
36 [129, 65]
36 [55, 156]
36 [192, 208]
36 [172, 96]
36 [96, 52]
36 [138, 93]
36 [156, 44]
36 [207, 56]
36 [138, 168]
36 [171, 207]
36 [187, 243]
36 [138, 188]
36 [181, 92]
36 [247, 163]
36 [154, 154]
36 [90, 185]
36 [84, 71]
36 [251, 250]
36 [214, 47]
36 [42, 142]
36 [101, 69]
36 [246, 212]
36 [3, 177]
36 [32, 205]
36 [17, 148]
36 [95, 70]
36 [178, 217]
36 [109, 145]
36 [217, 137]
36 [23, 88]
36 [200, 122]
36 [232, 33]
36 [99, 219]
36 [131, 22]
36 [238, 62]
36 [152, 21]
36 [121, 126]
36 [10, 67]
36 [12, 23]
36 [11, 176]
36 [141, 212]
36 [187, 208]
36 [247, 172]
36 [181, 230]
36 [152, 85]
36 [92, 23]
36 [180, 194]
36 [46, 155]
36 [225, 183]
36 [114, 40]
36 [249, 58]
36 [123, 228]
36 [250, 63]
36 [231, 80]
36 [19, 60]
36 [63, 193]
36 [188, 42]
36 [11, 68]
36 [80, 175]
36 [136, 91]
36 [182, 56]
36 [224, 1]
36 [217, 103]
36 [85, 194]
36 [47, 224]
36 [55, 117]
36 [166, 19]
36 [168, 185]
36 [183, 35]
36 [12, 168]
36 [134, 159]
36 [148, 52]
36 [46, 221]
36 [82, 68]
36 [229, 11]
36 [63, 199]
36 [176, 200]
36 [66, 236]
36 [161, 157]
36 [166, 250]
36 [56, 209]
36 [46, 99]
36 [145, 10]
36 [103, 210]
36 [95, 9]
36 [66, 61]
36 [132, 152]
36 [149, 94]
36 [103, 206]
36 [73, 233]
36 [105, 251]
36 [95, 200]
36 [176, 144]
36 [166, 88]
36 [2, 127]
36 [42, 19]
36 [238, 106]
36 [150, 19]
36 [177, 233]
36 [101, 67]
36 [221, 185]
36 [233, 248]
36 [46, 127]
36 [175, 155]
36 [81, 198]
36 [242, 40]
36 [67, 69]
36 [51, 19]
36 [166, 118]
36 [8, 128]
36 [110, 210]
36 [8, 81]
36 [16, 206]
36 [124, 245]
36 [175, 163]
36 [72, 22]
36 [101, 199]
36 [1, 71]
36 [232, 45]
36 [175, 68]
36 [188, 194]
36 [198, 39]
36 [169, 195]
36 [206, 178]
36 [63, 77]
36 [222, 99]
36 [233, 57]
36 [101, 3]
36 [175, 220]
36 [236, 197]
36 [61, 142]
36 [94, 249]
36 [161, 89]
36 [179, 0]
36 [226, 143]
36 [6, 204]
36 [26, 248]
36 [79, 49]
36 [243, 9]
36 [39, 111]
36 [149, 150]
36 [43, 213]
36 [86, 70]
36 [64, 206]
36 [250, 223]
36 [7, 137]
36 [69, 107]
36 [236, 13]
36 [214, 64]
36 [92, 68]
36 [189, 146]
36 [201, 95]
36 [189, 89]
36 [20, 241]
36 [145, 156]
36 [93, 145]
36 [246, 187]
36 [249, 232]
36 [103, 149]
36 [248, 115]
36 [185, 140]
36 [77, 154]
36 [243, 182]
36 [219, 84]
36 [53, 13]
36 [208, 70]
36 [122, 222]
36 [242, 151]
36 [74, 235]
36 [198, 64]
36 [125, 55]
36 [19, 86]
36 [23, 125]
36 [21, 91]
36 [237, 254]
36 [175, 56]
36 [42, 196]
36 [232, 146]
36 [196, 99]
36 [252, 163]
36 [127, 115]
36 [173, 79]
36 [186, 45]
36 [46, 103]
36 [7, 163]
36 [47, 108]
36 [239, 183]
36 [68, 140]
36 [90, 210]
36 [240, 10]
36 [178, 105]
36 [77, 77]
36 [8, 68]
36 [39, 172]
36 [241, 191]
36 [185, 229]
36 [172, 136]
36 [80, 249]
36 [227, 87]
36 [11, 112]
36 [17, 72]
36 [92, 112]
36 [36, 162]
36 [41, 77]
36 [206, 49]
36 [182, 93]
36 [182, 223]
36 [228, 213]
36 [97, 190]
36 [251, 62]
36 [147, 31]
36 [119, 87]
36 [84, 242]
36 [18, 144]
36 [32, 197]
36 [151, 74]
36 [53, 94]
36 [28, 201]
36 [58, 15]
36 [150, 145]
36 [166, 252]
36 [11, 12]
36 [187, 92]
36 [22, 27]
36 [96, 43]
36 [146, 207]
36 [146, 242]
36 [38, 128]
36 [158, 96]
36 [89, 57]
36 [227, 185]
36 [196, 145]
36 [240, 107]
36 [6, 105]
36 [0, 2]
36 [36, 36]
36 [230, 21]
36 [6, 196]
36 [31, 114]
36 [254, 220]
36 [181, 62]
36 [25, 175]
36 [67, 114]
36 [173, 112]
36 [143, 116]
36 [166, 218]
36 [109, 14]
36 [40, 85]
36 [207, 155]
36 [58, 81]
36 [81, 159]
36 [193, 126]
36 [130, 101]
36 [128, 50]
36 [63, 34]
36 [169, 163]
36 [30, 111]
36 [28, 196]
36 [81, 188]
36 [217, 67]
36 [12, 180]
36 [75, 5]
36 [125, 147]
36 [111, 58]
36 [238, 150]
36 [251, 207]
36 [216, 33]
36 [20, 90]
36 [178, 166]
36 [97, 58]
36 [80, 113]
36 [239, 139]
36 [134, 178]
36 [224, 239]
36 [30, 234]
36 [187, 192]
36 [116, 11]
36 [86, 241]
36 [71, 214]
36 [66, 116]
36 [101, 223]
36 [250, 72]
36 [217, 10]
36 [225, 108]
36 [12, 87]
36 [139, 119]
36 [117, 2]
36 [232, 173]
36 [22, 29]
36 [113, 248]
36 [168, 172]
36 [188, 69]
36 [148, 189]
36 [13, 234]
36 [141, 204]
36 [99, 182]
36 [188, 23]
36 [242, 186]
36 [193, 229]
36 [230, 118]
36 [136, 225]
36 [212, 67]
36 [94, 146]
36 [132, 102]
36 [48, 196]
36 [199, 100]
36 [247, 117]
36 [212, 21]
36 [37, 31]
36 [168, 197]
36 [207, 71]
36 [142, 15]
36 [124, 109]
36 [76, 207]
36 [140, 116]
36 [231, 69]
36 [50, 135]
36 [82, 237]
36 [108, 244]
36 [42, 73]
36 [123, 41]
36 [147, 208]
36 [47, 187]
36 [175, 27]
36 [241, 164]
36 [232, 61]
36 [243, 150]
36 [233, 122]
36 [118, 136]
36 [30, 205]
36 [221, 3]
36 [6, 49]
36 [204, 38]
36 [89, 172]
36 [229, 213]
36 [59, 179]
36 [44, 128]
36 [103, 146]
36 [240, 117]
36 [139, 209]
36 [12, 11]
36 [61, 3]
36 [116, 60]
36 [215, 6]
36 [39, 169]
36 [95, 97]
36 [170, 31]
36 [121, 57]
36 [78, 124]
36 [73, 172]
36 [227, 89]
36 [10, 46]
36 [114, 209]
36 [224, 199]
36 [6, 198]
36 [216, 61]
36 [108, 80]
36 [67, 95]
36 [117, 210]
36 [45, 66]
36 [215, 28]
36 [237, 164]
36 [164, 102]
36 [169, 161]
36 [5, 112]
36 [219, 247]
36 [118, 45]
36 [221, 222]
36 [232, 208]
36 [26, 50]
36 [56, 98]
36 [0, 102]
36 [176, 106]
36 [253, 250]
36 [95, 50]
36 [141, 83]
36 [39, 29]
36 [83, 69]
36 [107, 230]
36 [84, 95]
36 [55, 156]
36 [112, 126]
36 [129, 211]
36 [94, 187]
36 [4, 101]
36 [68, 145]
36 [187, 181]
36 [60, 151]
36 [159, 159]
36 [89, 15]
36 [215, 205]
36 [19, 163]
36 [245, 31]
36 [102, 216]
36 [171, 2]
36 [180, 102]
36 [250, 197]
36 [39, 107]
36 [103, 136]
36 [170, 83]
36 [247, 119]
36 [83, 191]
36 [244, 23]
36 [230, 30]
36 [122, 109]
36 [34, 85]
36 [246, 49]
36 [6, 105]
36 [100, 213]
36 [9, 85]
36 [167, 227]
36 [4, 240]
36 [53, 140]
36 [104, 126]
36 [202, 4]
36 [49, 178]
36 [49, 216]
36 [218, 5]
36 [94, 235]
36 [13, 1]
36 [25, 78]
36 [98, 37]
36 [240, 37]
36 [43, 68]
36 [218, 25]
36 [76, 159]
36 [136, 127]
36 [141, 141]
36 [99, 234]
36 [143, 78]
36 [222, 21]
36 [55, 245]
36 [129, 49]
36 [37, 148]
36 [145, 120]
36 [205, 180]
36 [62, 147]
36 [65, 185]
36 [28, 137]
36 [133, 80]
36 [187, 81]
36 [5, 159]
36 [125, 12]
36 [78, 107]
36 [58, 150]
36 [89, 248]
36 [67, 237]
36 [28, 81]
36 [235, 228]
36 [164, 8]
36 [172, 160]
36 [2, 235]
36 [98, 51]
36 [122, 77]
36 [7, 0]
36 [20, 45]
36 [62, 162]
36 [219, 22]
36 [197, 52]
36 [132, 160]
36 [201, 215]
36 [215, 213]
36 [85, 245]
36 [198, 228]
36 [252, 141]
36 [221, 40]
36 [60, 124]
36 [52, 216]
36 [34, 56]
36 [101, 61]
36 [254, 211]
36 [85, 241]
36 [15, 231]
36 [92, 38]
36 [254, 127]
36 [91, 65]
36 [178, 62]
36 [39, 177]
36 [68, 45]
36 [75, 114]
36 [115, 85]
36 [214, 149]
36 [3, 14]
36 [210, 138]
36 [169, 199]
36 [154, 243]
36 [165, 59]
36 [207, 61]
36 [61, 49]
36 [71, 142]
36 [109, 110]
36 [15, 224]
36 [207, 58]
36 [109, 201]
36 [206, 123]
36 [215, 230]
36 [148, 121]
36 [84, 141]
36 [176, 146]
36 [150, 248]
36 [238, 143]
36 [121, 110]
36 [132, 88]
36 [95, 77]
36 [154, 65]
36 [201, 160]
36 [229, 21]
36 [36, 129]
36 [92, 250]
36 [119, 49]
36 [190, 228]
36 [116, 69]
36 [197, 32]
36 [40, 36]
36 [225, 106]
36 [30, 24]
36 [15, 23]
36 [47, 179]
36 [45, 114]
36 [181, 108]
36 [93, 61]
36 [164, 80]
36 [248, 12]
36 [49, 253]
36 [68, 239]
36 [191, 147]
36 [174, 105]
36 [65, 225]
36 [214, 68]
36 [108, 196]
36 [250, 171]
36 [161, 190]
36 [22, 221]
36 [47, 81]
36 [202, 104]
36 [147, 135]
36 [220, 47]
36 [123, 98]
36 [179, 100]
36 [33, 31]
36 [146, 233]
36 [204, 68]
36 [104, 90]
36 [127, 6]
36 [28, 159]
36 [16, 65]
36 [83, 239]
36 [2, 63]
36 [25, 34]
36 [2, 9]
36 [52, 56]
36 [179, 145]
36 [186, 137]
36 [136, 34]
36 [121, 50]
36 [205, 70]
36 [194, 217]
36 [224, 50]
36 [16, 58]
36 [18, 212]
36 [55, 98]
36 [107, 219]
36 [76, 50]
36 [163, 206]
36 [180, 123]
36 [130, 139]
36 [164, 88]
36 [60, 49]
36 [32, 228]
36 [89, 201]
36 [119, 44]
36 [210, 217]
36 [254, 211]
36 [198, 46]
36 [3, 210]
36 [65, 129]
36 [150, 106]
36 [26, 213]
36 [127, 222]
36 [114, 174]
36 [206, 71]
36 [237, 80]
36 [58, 85]
36 [50, 73]
36 [45, 55]
36 [253, 47]
36 [26, 77]
36 [133, 89]
36 [191, 74]
36 [201, 204]
36 [121, 45]
36 [85, 30]
36 [170, 142]
36 [215, 226]
36 [27, 233]
36 [185, 49]
36 [55, 145]
36 [200, 121]
36 [30, 69]
36 [235, 15]
36 [127, 174]
36 [185, 225]
36 [147, 208]
36 [167, 214]
36 [77, 250]
36 [206, 214]
36 [26, 253]
36 [42, 161]
36 [71, 172]
36 [149, 33]
36 [174, 30]
36 [241, 7]
36 [235, 87]
36 [175, 174]
36 [150, 143]
36 [229, 32]
36 [195, 208]
36 [61, 80]
36 [156, 85]
36 [141, 51]
36 [71, 201]
36 [67, 117]
36 [158, 200]
36 [38, 242]
36 [210, 228]
36 [91, 24]
36 [29, 87]
36 [224, 136]
36 [140, 123]
36 [29, 43]
36 [47, 246]
36 [14, 180]
36 [222, 1]
36 [3, 72]
36 [101, 145]
36 [59, 235]
36 [93, 177]
36 [35, 54]
36 [41, 147]
36 [187, 100]
36 [76, 2]
36 [32, 57]
36 [97, 168]
36 [85, 187]
36 [18, 194]
36 [32, 203]
36 [227, 206]
36 [140, 210]
36 [173, 99]
36 [250, 99]
36 [176, 238]
36 [253, 226]
36 [119, 191]
36 [28, 139]
36 [232, 211]
36 [107, 176]
36 [151, 178]
36 [58, 230]
36 [227, 90]
36 [244, 1]
36 [38, 110]
36 [62, 113]
36 [216, 28]
36 [213, 171]
36 [160, 171]
36 [62, 8]
36 [198, 218]
36 [143, 13]
36 [65, 248]
36 [135, 46]
36 [204, 202]
36 [41, 155]
36 [212, 34]
36 [81, 42]
36 [124, 68]
36 [74, 86]
36 [101, 231]
36 [108, 8]
36 [218, 170]
36 [67, 163]
36 [99, 161]
36 [167, 111]
36 [10, 178]
36 [183, 195]
36 [63, 120]
36 [215, 8]
36 [109, 152]
36 [85, 55]
36 [19, 220]
36 [125, 96]
36 [197, 63]
36 [61, 198]
36 [146, 76]
36 [119, 217]
36 [28, 165]
36 [203, 83]
36 [13, 134]
36 [66, 72]
36 [123, 250]
36 [164, 2]
36 [121, 96]
36 [76, 15]
36 [0, 114]
36 [166, 144]
36 [168, 43]
36 [65, 188]
36 [117, 190]
36 [26, 93]
36 [254, 19]
36 [130, 241]
36 [216, 104]
36 [96, 166]
36 [30, 130]
36 [152, 89]
36 [235, 60]
36 [103, 21]
36 [84, 113]
36 [40, 32]
36 [151, 83]
36 [129, 183]
36 [26, 31]
36 [164, 211]
36 [69, 222]
36 [172, 38]
36 [210, 130]
36 [209, 190]
36 [207, 57]
36 [194, 56]
36 [80, 221]
36 [17, 125]
36 [42, 64]
36 [138, 53]
36 [140, 170]
36 [7, 108]
36 [57, 25]
36 [171, 208]
36 [60, 102]
36 [106, 46]
36 [178, 138]
36 [243, 161]
36 [144, 201]
36 [122, 33]
36 [246, 231]
36 [93, 151]
36 [195, 83]
36 [170, 195]
36 [185, 90]
36 [72, 166]
36 [101, 32]
36 [172, 243]
36 [236, 196]
36 [29, 113]
36 [39, 100]
36 [58, 125]
36 [56, 157]
36 [174, 177]
36 [188, 145]
36 [238, 61]
36 [103, 166]
36 [54, 150]
36 [150, 89]
36 [206, 172]
36 [154, 146]
36 [155, 111]
36 [125, 254]
36 [237, 162]
36 [23, 244]
36 [238, 236]
36 [62, 121]
36 [177, 215]
36 [156, 243]
36 [28, 19]
36 [75, 59]
36 [74, 152]
36 [21, 241]
36 [116, 140]
36 [104, 219]
36 [50, 115]
36 [225, 129]
36 [165, 21]
36 [240, 6]
36 [228, 111]
36 [254, 220]
36 [124, 138]
36 [76, 156]
36 [230, 151]
36 [189, 224]
36 [80, 99]
36 [152, 52]
36 [33, 115]
36 [223, 185]
36 [184, 72]
36 [216, 194]
36 [236, 223]
36 [212, 109]
36 [241, 65]
36 [100, 68]
36 [210, 187]
36 [67, 54]
36 [94, 157]
36 [141, 104]
36 [162, 116]
36 [22, 107]
36 [219, 84]
36 [4, 145]
36 [100, 240]
36 [156, 127]
36 [132, 210]
36 [185, 67]
36 [237, 14]
36 [160, 53]
36 [67, 62]
36 [195, 67]
36 [213, 242]
36 [18, 245]
36 [246, 182]
36 [98, 244]
36 [208, 45]
36 [2, 209]
36 [253, 76]
36 [220, 105]
36 [57, 65]
36 [74, 4]
36 [158, 19]
36 [174, 169]
36 [227, 85]
36 [110, 44]
36 [103, 230]
36 [34, 85]
36 [174, 102]
36 [131, 31]
36 [233, 95]
36 [188, 247]
36 [159, 51]
36 [127, 53]
36 [99, 168]
36 [205, 112]
36 [247, 240]
36 [199, 60]
36 [155, 93]
36 [226, 131]
36 [181, 196]
36 [135, 14]
36 [241, 42]
36 [25, 34]
36 [145, 169]
36 [170, 242]
36 [230, 108]
36 [21, 250]
36 [128, 148]
36 [252, 210]
36 [25, 244]
36 [28, 135]
36 [157, 127]
36 [142, 89]
36 [21, 30]
36 [210, 135]
36 [174, 145]
36 [8, 224]
36 [10, 117]
36 [191, 44]
36 [13, 202]
36 [28, 131]
36 [191, 96]
36 [94, 102]
36 [171, 6]
36 [113, 122]
36 [246, 195]
36 [143, 23]
36 [10, 152]
36 [195, 213]
36 [144, 130]
36 [62, 146]
36 [42, 224]
36 [239, 59]
36 [197, 98]
36 [22, 3]
36 [153, 103]
36 [173, 68]
36 [37, 111]
36 [44, 18]
36 [236, 179]
36 [183, 189]
36 [149, 251]
36 [77, 63]
36 [92, 199]
36 [251, 85]
36 [208, 238]
36 [61, 73]
36 [151, 218]
36 [170, 37]
36 [237, 15]
36 [148, 80]
36 [190, 0]
36 [183, 215]
36 [229, 85]
36 [77, 53]
36 [152, 229]
36 [113, 222]
36 [99, 189]
36 [152, 88]
36 [132, 147]
36 [145, 246]
36 [165, 19]
36 [26, 107]
36 [121, 206]
36 [203, 66]
36 [129, 113]
36 [196, 101]
36 [109, 176]
36 [33, 16]
36 [77, 107]
36 [206, 89]
36 [119, 43]
36 [166, 128]
36 [27, 225]
36 [37, 181]
36 [120, 21]
36 [87, 169]
36 [96, 14]
36 [122, 92]
36 [57, 222]
36 [220, 45]
36 [173, 43]
36 [86, 28]
36 [107, 138]
36 [69, 124]
36 [85, 4]
36 [248, 91]
36 [200, 143]
36 [166, 190]
36 [207, 200]
36 [68, 64]
36 [28, 97]
36 [243, 21]
36 [187, 215]
36 [215, 116]
36 [84, 151]
36 [120, 213]
36 [60, 62]
36 [139, 77]
36 [222, 9]
36 [2, 61]
36 [132, 92]
36 [70, 139]
36 [246, 10]
36 [98, 86]
36 [170, 63]
36 [136, 209]
36 [247, 75]
36 [82, 118]
36 [163, 212]
36 [209, 164]
36 [201, 127]
36 [67, 205]
36 [94, 14]
36 [88, 144]
36 [56, 113]
36 [10, 126]
36 [112, 135]
36 [71, 109]
36 [40, 174]
36 [208, 146]
36 [189, 151]
36 [212, 30]
36 [89, 251]
36 [82, 169]
36 [212, 136]
36 [76, 244]
36 [14, 127]
36 [207, 236]
36 [48, 121]
36 [74, 124]
36 [18, 36]
36 [229, 149]
36 [80, 14]
36 [182, 110]
36 [160, 78]
36 [166, 116]
36 [204, 204]
36 [25, 12]
36 [75, 230]
36 [231, 231]
36 [91, 167]
36 [68, 7]
36 [235, 241]
36 [137, 21]
36 [248, 27]
36 [135, 70]
36 [7, 152]
36 [11, 212]
36 [205, 253]
36 [254, 206]
36 [161, 36]
36 [209, 123]
36 [253, 198]
36 [74, 127]
36 [240, 50]
36 [202, 231]
36 [24, 195]
36 [66, 47]
36 [187, 99]
36 [206, 228]
36 [247, 151]
36 [254, 21]
36 [243, 243]
36 [1, 58]
36 [216, 112]
36 [124, 177]
36 [189, 224]
36 [40, 109]
36 [137, 38]
36 [68, 74]
36 [47, 66]
36 [5, 32]
36 [110, 149]
36 [226, 36]
36 [20, 12]
36 [117, 68]
36 [238, 48]
36 [121, 224]
36 [213, 75]
36 [199, 25]
36 [197, 115]
36 [15, 8]
36 [15, 100]
36 [42, 212]
36 [109, 253]
36 [11, 90]
36 [96, 178]
36 [7, 98]
36 [141, 43]
36 [251, 56]
36 [128, 29]
36 [75, 243]
36 [27, 244]
36 [15, 217]
36 [176, 178]
36 [180, 219]
36 [140, 170]
36 [171, 139]
36 [157, 146]
36 [47, 162]
36 [202, 43]
36 [215, 237]
36 [18, 80]
36 [146, 253]
36 [15, 39]
36 [195, 156]
36 [240, 35]
36 [84, 227]
36 [144, 204]
36 [207, 26]
36 [141, 252]
36 [109, 104]
36 [130, 38]
36 [51, 195]
36 [18, 215]
36 [79, 129]
36 [207, 222]
36 [107, 0]
36 [201, 160]
36 [141, 67]
36 [204, 208]
36 [46, 48]
36 [130, 168]
36 [232, 82]
36 [9, 181]
36 [106, 188]
36 [152, 36]
36 [63, 58]
36 [71, 160]
36 [42, 131]
36 [32, 214]
36 [20, 150]
36 [132, 108]
36 [114, 119]
36 [55, 184]
36 [235, 108]
36 [187, 219]
36 [2, 91]
36 [9, 200]
36 [112, 152]
36 [196, 207]
36 [7, 179]
36 [218, 229]
36 [103, 102]
36 [62, 154]
36 [227, 164]
36 [11, 76]
36 [1, 249]
36 [171, 104]
36 [38, 119]
36 [30, 53]
36 [128, 10]
36 [110, 114]
36 [160, 84]
36 [25, 31]
36 [74, 168]
36 [2, 105]
36 [222, 233]
36 [29, 37]
36 [236, 36]
36 [250, 34]
36 [145, 253]
36 [251, 45]
36 [133, 212]
36 [1, 96]
36 [156, 207]
36 [126, 3]
36 [0, 241]
36 [116, 234]
36 [52, 145]
36 [66, 46]
36 [124, 58]
36 [180, 194]
36 [32, 253]
36 [176, 87]
36 [88, 15]
36 [233, 24]
36 [115, 192]
36 [142, 150]
36 [181, 242]
36 [31, 176]
36 [214, 30]
36 [118, 145]
36 [71, 248]
36 [227, 130]
36 [3, 0]
36 [167, 32]
36 [224, 237]
36 [101, 73]
36 [97, 104]
36 [212, 24]
36 [160, 46]
36 [41, 198]
36 [78, 145]
36 [125, 201]
36 [185, 49]
36 [130, 195]
36 [82, 197]
36 [248, 92]
36 [82, 21]
36 [30, 179]
36 [19, 212]
36 [65, 191]
36 [44, 252]
36 [210, 231]
36 [47, 129]
36 [254, 217]
36 [148, 61]
36 [186, 89]
36 [227, 63]
36 [230, 218]
36 [119, 212]
36 [63, 128]
36 [158, 206]
36 [167, 98]
36 [161, 42]
36 [184, 64]
36 [22, 207]
36 [120, 25]
36 [222, 12]
36 [91, 216]
36 [67, 207]
36 [42, 125]
36 [142, 189]
36 [195, 171]
36 [224, 36]
36 [80, 241]
36 [198, 208]
36 [177, 10]
36 [42, 84]
36 [198, 91]
36 [25, 66]
36 [7, 40]
36 [116, 140]
36 [213, 83]
36 [59, 43]
36 [10, 5]
36 [253, 145]
36 [225, 139]
36 [239, 98]
36 [33, 131]
36 [109, 208]
36 [222, 191]
36 [81, 224]
36 [223, 224]
36 [205, 158]
36 [178, 19]
36 [233, 230]
36 [246, 95]
36 [225, 171]
36 [232, 79]
36 [62, 4]
36 [62, 132]
36 [40, 98]
36 [211, 176]
36 [196, 158]
36 [112, 173]
36 [55, 242]
36 [232, 194]
36 [119, 234]
36 [209, 224]
36 [50, 196]
36 [89, 47]
36 [120, 103]
36 [23, 86]
36 [20, 11]
36 [45, 32]
36 [155, 214]
36 [76, 39]
36 [83, 110]
36 [28, 224]
36 [22, 40]
36 [51, 83]
36 [80, 171]
36 [247, 25]
36 [120, 234]
36 [120, 119]
36 [203, 22]
36 [50, 195]
36 [100, 236]
36 [250, 192]
36 [204, 240]
36 [207, 95]
36 [129, 9]
36 [54, 172]
36 [151, 9]
36 [59, 137]
36 [229, 194]
36 [33, 48]
36 [236, 156]
36 [122, 67]
36 [71, 244]
36 [126, 23]
36 [204, 48]
36 [42, 102]
36 [92, 126]
36 [98, 63]
36 [83, 40]
36 [140, 34]
36 [81, 89]
36 [34, 157]
36 [104, 1]
36 [137, 15]
36 [10, 133]
36 [187, 108]
36 [85, 40]
36 [43, 176]
36 [94, 189]
36 [4, 150]
36 [124, 243]
36 [157, 19]
36 [72, 78]
36 [61, 33]
36 [105, 184]
36 [2, 143]
36 [21, 105]
36 [237, 76]
36 [76, 245]
36 [171, 206]
36 [169, 160]
36 [172, 12]
36 [52, 16]
36 [170, 172]
36 [85, 229]
36 [224, 44]
36 [136, 187]
36 [112, 248]
36 [60, 158]
36 [151, 225]
36 [47, 105]
36 [28, 171]
36 [254, 4]
36 [229, 80]
36 [42, 53]
36 [210, 38]
36 [215, 146]
36 [192, 57]
36 [127, 163]
36 [150, 27]
36 [172, 59]
36 [65, 106]
36 [139, 136]
36 [152, 155]
36 [135, 209]
36 [156, 184]
36 [219, 134]
36 [130, 67]
36 [218, 130]
36 [125, 208]
36 [148, 54]
36 [144, 157]
36 [187, 124]
36 [112, 77]
36 [176, 10]
36 [95, 188]
36 [201, 120]
36 [117, 193]
36 [196, 243]
36 [170, 38]
36 [25, 61]
36 [215, 128]
36 [233, 86]
36 [53, 31]
36 [104, 195]
36 [139, 5]
36 [248, 43]
36 [191, 167]
36 [223, 1]
36 [79, 181]
36 [161, 4]
36 [62, 231]
36 [211, 169]
36 [54, 169]
36 [20, 248]
36 [23, 207]
36 [58, 52]
36 [143, 252]
36 [208, 169]
36 [70, 190]
36 [61, 43]
36 [232, 142]
36 [13, 28]
36 [199, 206]
36 [124, 207]
36 [204, 65]
36 [14, 252]
36 [184, 196]
36 [69, 0]
36 [19, 120]
36 [73, 133]
36 [28, 77]
36 [5, 232]
36 [90, 120]
36 [193, 217]
36 [52, 186]
36 [17, 163]
36 [211, 203]
36 [203, 77]
36 [50, 86]
36 [30, 188]
36 [39, 14]
36 [35, 128]
36 [5, 212]
36 [157, 28]
36 [42, 2]
36 [137, 18]
36 [117, 197]
36 [141, 148]
36 [130, 155]
36 [221, 181]
36 [37, 11]
36 [69, 187]
36 [17, 143]
36 [47, 48]
36 [175, 216]
36 [169, 43]
36 [135, 246]
36 [66, 122]
36 [61, 70]
36 [114, 197]
36 [197, 101]
36 [10, 43]
36 [47, 227]
36 [14, 221]
36 [181, 109]
36 [3, 84]
36 [245, 71]
36 [186, 67]
36 [95, 43]
36 [105, 17]
36 [34, 13]
36 [66, 253]
36 [176, 88]
36 [100, 48]
36 [47, 124]
36 [63, 107]
36 [24, 171]
36 [119, 156]
36 [247, 34]
36 [46, 76]
36 [98, 178]
36 [207, 156]
36 [181, 108]
36 [125, 120]
36 [179, 67]
36 [16, 39]
36 [48, 244]
36 [26, 157]
36 [211, 229]
36 [11, 151]
36 [98, 20]
36 [88, 144]
36 [168, 213]
36 [4, 142]
36 [199, 32]
36 [167, 46]
36 [198, 58]
36 [247, 115]
36 [29, 10]
36 [42, 157]
36 [41, 63]
36 [113, 157]
36 [116, 247]
36 [205, 148]
36 [188, 82]
36 [205, 34]
36 [253, 174]
36 [63, 253]
36 [186, 129]
36 [79, 128]
36 [200, 225]
36 [170, 107]
36 [57, 226]
36 [224, 252]
36 [143, 197]
36 [206, 25]
36 [82, 71]
36 [80, 14]
36 [111, 173]
36 [1, 184]
36 [36, 113]
36 [49, 125]
36 [65, 187]
36 [8, 217]
36 [37, 102]
36 [179, 60]
36 [220, 166]
36 [30, 193]
36 [128, 222]
36 [126, 158]
36 [250, 228]
36 [72, 91]
36 [168, 31]
36 [45, 27]
36 [124, 4]
36 [79, 55]
36 [183, 130]
36 [113, 220]
36 [76, 242]
36 [229, 146]
36 [224, 1]
36 [254, 175]
36 [150, 235]
36 [92, 184]
36 [80, 34]
36 [159, 234]
36 [33, 138]
36 [148, 192]
36 [192, 12]
36 [30, 237]
36 [237, 1]
36 [252, 96]
36 [245, 244]
36 [110, 24]
36 [153, 199]
36 [5, 80]
36 [136, 205]
36 [218, 128]
36 [198, 51]
36 [176, 15]
36 [183, 4]
36 [220, 233]
36 [220, 166]
36 [131, 246]
36 [31, 33]
36 [132, 43]
36 [37, 97]
36 [232, 137]
36 [219, 73]
36 [16, 161]
36 [134, 168]
36 [231, 144]
36 [20, 43]
36 [89, 37]
36 [203, 183]
36 [39, 223]
36 [25, 196]
36 [202, 214]
36 [36, 85]
36 [46, 241]
36 [24, 10]
36 [183, 118]
36 [192, 7]
36 [168, 176]
36 [139, 78]
36 [124, 137]
36 [18, 75]
36 [183, 77]
36 [163, 231]
36 [31, 191]
36 [5, 194]
36 [248, 250]
36 [74, 16]
36 [230, 68]
36 [38, 114]
36 [43, 195]
36 [51, 34]
36 [76, 244]
36 [126, 192]
36 [252, 160]
36 [237, 184]
36 [53, 183]
36 [20, 220]
36 [168, 180]
36 [238, 24]
36 [37, 138]
36 [5, 9]
36 [185, 35]
36 [249, 197]
36 [40, 79]
36 [111, 51]
36 [1, 201]
36 [70, 131]
36 [245, 161]
36 [140, 92]
36 [8, 86]
36 [92, 184]
36 [59, 7]
36 [198, 124]
36 [89, 74]
36 [166, 114]
36 [193, 4]
36 [183, 170]
36 [19, 5]
36 [91, 106]
36 [76, 74]
36 [167, 19]
36 [240, 80]
36 [71, 60]
36 [114, 247]
36 [208, 154]
36 [137, 248]
36 [170, 39]
36 [185, 203]
36 [132, 159]
36 [130, 7]
36 [204, 129]
36 [193, 155]
36 [208, 137]
36 [112, 227]
36 [126, 179]
36 [4, 203]
36 [253, 127]
36 [101, 100]
36 [90, 250]
36 [56, 202]
36 [130, 57]
36 [6, 254]
36 [216, 166]
36 [244, 32]
36 [121, 116]
36 [38, 104]
36 [21, 153]
36 [117, 150]
36 [190, 48]
36 [203, 117]
36 [116, 123]
36 [202, 19]
36 [170, 25]
36 [94, 126]
36 [130, 232]
36 [229, 232]
36 [110, 243]
36 [216, 18]
36 [77, 215]
36 [214, 101]
36 [50, 27]
36 [122, 204]
36 [162, 245]
36 [44, 193]
36 [55, 214]
36 [123, 249]
36 [80, 155]
36 [192, 123]
36 [43, 142]
36 [124, 118]
36 [70, 52]
36 [33, 68]
36 [108, 153]
36 [31, 210]
36 [180, 167]
36 [33, 172]
36 [31, 218]
36 [77, 199]
36 [190, 28]
36 [87, 193]
36 [43, 46]
36 [9, 122]
36 [88, 192]
36 [247, 196]
36 [141, 114]
36 [149, 212]
36 [228, 244]
36 [140, 144]
36 [25, 226]
36 [176, 232]
36 [211, 37]
36 [105, 79]
36 [32, 239]
36 [136, 83]
36 [5, 102]
36 [104, 6]
36 [15, 25]
36 [93, 110]
36 [24, 183]
36 [141, 123]
36 [155, 218]
36 [86, 16]
36 [213, 239]
36 [186, 214]
36 [98, 210]
36 [203, 140]
36 [158, 193]
36 [147, 72]
36 [224, 189]
36 [99, 212]
36 [29, 70]
36 [225, 35]
36 [170, 220]
36 [156, 189]
36 [146, 22]
36 [200, 156]
36 [7, 55]
36 [44, 235]
36 [149, 44]
36 [174, 18]
36 [250, 181]
36 [3, 14]
36 [132, 241]
36 [243, 113]
36 [104, 118]
36 [14, 184]
36 [244, 108]
36 [174, 116]
36 [121, 253]
36 [58, 52]
36 [211, 12]
36 [180, 225]
36 [45, 2]
36 [114, 227]
36 [216, 16]
36 [30, 62]
36 [64, 196]
36 [50, 89]
36 [233, 116]
36 [191, 1]
36 [189, 212]
36 [219, 6]
36 [63, 137]
36 [130, 200]
36 [208, 15]
36 [196, 19]
36 [97, 144]
36 [23, 187]
36 [56, 155]
36 [142, 136]
36 [72, 253]
36 [136, 145]
36 [251, 223]
36 [75, 16]
36 [240, 146]
36 [3, 152]
36 [117, 13]
36 [210, 4]
36 [242, 28]
36 [246, 8]
36 [41, 67]
36 [111, 157]
36 [163, 210]
36 [233, 67]
36 [7, 124]
36 [49, 153]
36 [219, 21]
36 [133, 133]
36 [196, 245]
36 [42, 26]
36 [192, 102]
36 [238, 44]
36 [93, 44]
36 [48, 240]
36 [129, 50]
36 [193, 209]
36 [139, 223]
36 [195, 101]
36 [167, 250]
36 [186, 86]
36 [134, 10]
36 [195, 25]
36 [63, 220]
36 [73, 30]
36 [157, 162]
36 [222, 221]
36 [164, 228]
36 [237, 102]
36 [225, 48]
36 [104, 54]
36 [197, 235]
36 [226, 146]
36 [82, 151]
36 [76, 154]
36 [67, 156]
36 [69, 241]
36 [175, 55]
36 [46, 150]
36 [213, 232]
36 [94, 49]
36 [225, 194]
36 [69, 6]
36 [16, 50]
36 [120, 171]
36 [68, 115]
36 [173, 179]
36 [95, 183]
36 [95, 194]
36 [3, 60]
36 [242, 238]
36 [160, 123]
36 [13, 24]
36 [241, 49]
36 [251, 83]
36 [30, 119]
36 [2, 175]
36 [23, 139]
36 [166, 125]
36 [208, 68]
36 [231, 82]
36 [109, 149]
36 [130, 123]
36 [41, 196]
36 [44, 204]
36 [204, 167]
36 [251, 86]
36 [105, 185]
36 [83, 127]
36 [248, 160]
36 [206, 220]
36 [242, 116]
36 [193, 118]
36 [194, 221]
36 [222, 252]
36 [230, 251]
36 [47, 65]
36 [227, 141]
36 [93, 218]
36 [99, 51]
36 [27, 74]
36 [79, 185]
36 [94, 218]
36 [69, 217]
36 [203, 64]
36 [125, 99]
36 [70, 237]
36 [151, 241]
36 [46, 87]
36 [100, 107]
36 [128, 115]
36 [221, 42]
36 [253, 22]
36 [17, 79]
36 [46, 163]
36 [215, 217]
36 [25, 141]
36 [106, 206]
36 [50, 79]
36 [207, 108]
36 [79, 105]
36 [99, 65]
36 [217, 251]
36 [114, 22]
36 [126, 87]
36 [221, 170]
36 [53, 18]
36 [165, 76]
36 [2, 212]
36 [159, 198]
36 [25, 110]
36 [193, 158]
36 [140, 156]
36 [98, 10]
36 [56, 10]
36 [104, 32]
36 [203, 135]
36 [84, 159]
36 [84, 65]
36 [165, 229]
36 [151, 221]
36 [122, 2]
36 [98, 205]
36 [146, 181]
36 [245, 224]
36 [182, 58]
36 [53, 230]
36 [183, 72]
36 [26, 111]
36 [147, 86]
36 [103, 80]
36 [40, 56]
36 [194, 163]
36 [206, 174]
36 [32, 28]
36 [184, 135]
36 [240, 248]
36 [32, 72]
36 [182, 29]
36 [69, 173]
36 [163, 139]
36 [20, 204]
36 [211, 196]
36 [111, 72]
36 [215, 242]
36 [183, 117]
36 [141, 181]
36 [25, 55]
36 [122, 160]
36 [247, 220]
36 [56, 218]
36 [227, 247]
36 [247, 11]
36 [192, 20]
36 [122, 50]
36 [78, 86]
36 [102, 9]
36 [109, 118]
36 [104, 76]
36 [177, 71]
36 [83, 61]
36 [88, 165]
36 [139, 65]
36 [102, 223]
36 [130, 32]
36 [93, 242]
36 [71, 101]
36 [49, 180]
36 [189, 69]
36 [54, 153]
36 [80, 185]
36 [16, 19]
36 [66, 193]
36 [129, 116]
36 [180, 126]
36 [217, 126]
36 [111, 165]
36 [202, 71]
36 [172, 33]
36 [215, 172]
36 [149, 128]
36 [189, 127]
36 [57, 1]
36 [25, 105]
36 [107, 234]
36 [180, 106]
36 [169, 130]
36 [18, 199]
36 [173, 252]
36 [114, 237]
36 [209, 154]
36 [235, 31]
36 [128, 206]
36 [247, 168]
36 [62, 169]
36 [74, 90]
36 [0, 126]
36 [127, 221]
36 [3, 142]
36 [245, 40]
36 [145, 188]
36 [212, 174]
36 [162, 111]
36 [210, 254]
36 [148, 103]
36 [201, 228]
36 [180, 26]
36 [13, 126]
36 [146, 52]
36 [76, 88]
36 [180, 230]
36 [191, 100]
36 [154, 77]
36 [116, 170]
36 [115, 227]
36 [65, 178]
36 [2, 19]
36 [162, 14]
36 [218, 181]
36 [16, 227]
36 [10, 94]
36 [134, 249]
36 [243, 36]
36 [52, 205]
36 [144, 99]
36 [201, 152]
36 [209, 71]
36 [212, 30]
36 [7, 216]
36 [158, 30]
36 [42, 52]
36 [206, 222]
36 [225, 92]
36 [214, 123]
36 [84, 194]
36 [130, 92]
36 [142, 143]
36 [92, 228]
36 [2, 77]
36 [26, 172]
36 [184, 155]
36 [169, 70]
36 [114, 97]
36 [47, 82]
36 [100, 75]
36 [191, 0]
36 [110, 86]
36 [116, 227]
36 [236, 101]
36 [118, 236]
36 [57, 37]
36 [109, 102]
36 [222, 48]
36 [81, 155]
36 [28, 70]
36 [39, 109]
36 [58, 26]
36 [83, 37]
36 [114, 127]
36 [233, 23]
36 [196, 156]
36 [223, 141]
36 [148, 221]
36 [28, 6]
36 [54, 121]
36 [47, 67]
36 [186, 99]
36 [235, 204]
36 [167, 194]
36 [18, 59]
36 [42, 92]
36 [25, 164]
36 [24, 86]
36 [116, 216]
36 [160, 168]
36 [34, 77]
36 [116, 248]
36 [46, 254]
36 [242, 246]
36 [41, 13]
36 [205, 213]
36 [170, 23]
36 [197, 70]
36 [234, 117]
36 [193, 215]
36 [118, 7]
36 [250, 239]
36 [106, 16]
36 [238, 176]
36 [189, 227]
36 [219, 72]
36 [131, 66]
36 [62, 12]
36 [228, 50]
36 [118, 12]
36 [19, 16]
36 [154, 137]
36 [178, 26]
36 [149, 178]
36 [16, 240]
36 [214, 83]
36 [60, 10]
36 [71, 37]
36 [222, 236]
36 [57, 138]
36 [212, 243]
36 [250, 183]
36 [221, 222]
36 [24, 120]
36 [37, 22]
36 [254, 122]
36 [96, 127]
36 [139, 170]
36 [181, 149]
36 [90, 253]
36 [224, 68]
36 [160, 155]
36 [185, 36]
36 [245, 208]
36 [11, 214]
36 [99, 82]
36 [125, 91]
36 [196, 2]
36 [135, 116]
36 [168, 43]
36 [79, 185]
36 [252, 51]
36 [223, 8]
36 [1, 33]
36 [102, 232]
36 [2, 71]
36 [186, 84]
36 [52, 193]
36 [8, 177]
36 [172, 122]
36 [73, 73]
36 [224, 234]
36 [194, 143]
36 [29, 76]
36 [101, 204]
36 [75, 32]
36 [142, 106]
36 [45, 244]
36 [202, 139]
36 [209, 65]
36 [223, 235]
36 [251, 245]
36 [161, 152]
36 [106, 15]
36 [113, 246]
36 [161, 88]
36 [74, 190]
36 [133, 159]
36 [246, 199]
36 [185, 52]
36 [27, 100]
36 [5, 74]
36 [155, 94]
36 [45, 139]
36 [106, 65]
36 [54, 34]
36 [41, 97]
36 [194, 194]
36 [107, 167]
36 [53, 180]
36 [211, 26]
36 [56, 35]
36 [191, 190]
36 [33, 85]
36 [193, 36]
36 [143, 191]
36 [197, 123]
36 [171, 230]
36 [210, 11]
36 [14, 186]
36 [73, 214]
36 [238, 13]
36 [116, 87]
36 [230, 232]
36 [174, 60]
36 [213, 27]
36 [105, 124]
36 [214, 221]
36 [29, 115]
36 [4, 102]
36 [132, 234]
36 [245, 212]
36 [54, 178]
36 [167, 56]
36 [105, 173]
36 [147, 232]
36 [207, 28]
36 [100, 205]
36 [146, 2]
36 [126, 114]
36 [108, 203]
36 [222, 121]
36 [35, 51]
36 [60, 229]
36 [9, 222]
36 [160, 12]
36 [166, 94]
36 [227, 231]
36 [114, 138]
36 [218, 62]
36 [148, 43]
36 [174, 201]
36 [36, 33]
36 [63, 81]
36 [44, 170]
36 [72, 21]
36 [176, 91]
36 [4, 162]
36 [101, 28]
36 [70, 192]
36 [179, 157]
36 [232, 224]
36 [166, 112]
36 [49, 206]
36 [201, 253]
36 [248, 236]
36 [119, 77]
36 [213, 134]
36 [127, 180]
36 [90, 237]
36 [91, 235]
36 [253, 40]
36 [18, 140]
36 [135, 109]
36 [42, 31]
36 [203, 166]
36 [93, 175]
36 [47, 156]
36 [236, 156]
36 [116, 220]
36 [193, 117]
36 [70, 81]
36 [24, 123]
36 [90, 127]
36 [15, 84]
36 [223, 116]
36 [220, 197]
36 [71, 58]
36 [86, 151]
36 [97, 3]
36 [131, 53]
36 [11, 2]
36 [62, 196]
36 [235, 42]
36 [68, 242]
36 [215, 219]
36 [139, 204]
36 [65, 142]
36 [55, 27]
36 [25, 253]
36 [243, 188]
36 [91, 252]
36 [63, 180]
36 [78, 84]
36 [230, 10]
36 [21, 184]
36 [22, 138]
36 [51, 239]
36 [178, 218]
36 [3, 37]
36 [157, 187]
36 [92, 241]
36 [68, 161]
36 [50, 190]
36 [16, 172]
36 [170, 238]
36 [50, 51]
36 [115, 222]
36 [138, 82]
36 [254, 142]
36 [252, 35]
36 [96, 114]
36 [90, 219]
36 [127, 157]
36 [208, 171]
36 [77, 254]
36 [191, 175]
36 [52, 247]
36 [194, 174]
36 [10, 215]
36 [239, 31]
36 [176, 102]
36 [99, 173]
36 [107, 186]
36 [131, 45]
36 [128, 39]
36 [134, 73]
36 [205, 174]
36 [89, 126]
36 [49, 90]
36 [53, 217]
36 [254, 119]
36 [201, 66]
36 [156, 122]
36 [155, 80]
36 [21, 12]
36 [66, 28]
36 [54, 139]
36 [175, 30]
36 [73, 203]
36 [80, 81]
36 [113, 224]
36 [217, 182]
36 [247, 189]
36 [64, 80]
36 [45, 94]
36 [160, 15]
36 [108, 214]
36 [193, 224]
36 [63, 24]
36 [178, 175]
36 [148, 96]
36 [112, 92]
36 [220, 6]
36 [217, 240]
36 [244, 133]
36 [184, 235]
36 [185, 180]
36 [61, 229]
36 [14, 210]
36 [104, 55]
36 [195, 139]
36 [200, 60]
36 [4, 99]
36 [105, 147]
36 [5, 117]
36 [48, 169]
36 [32, 68]
36 [145, 160]
36 [117, 126]
36 [184, 69]
36 [74, 181]
36 [151, 103]
36 [21, 225]
36 [89, 67]
36 [220, 33]
36 [55, 92]
36 [131, 18]
36 [213, 221]
36 [91, 129]
36 [233, 4]
36 [147, 24]
36 [162, 105]
36 [244, 162]
36 [173, 101]
36 [147, 116]
36 [3, 80]
36 [12, 177]
36 [130, 128]
36 [186, 108]
36 [165, 121]
36 [115, 144]
36 [67, 26]
36 [247, 149]
36 [123, 16]
36 [24, 115]
36 [20, 22]
36 [120, 19]
36 [46, 105]
36 [245, 247]
36 [253, 28]
36 [90, 55]
36 [166, 244]
36 [242, 74]
36 [199, 95]
36 [9, 164]
36 [1, 62]
36 [205, 181]
36 [124, 11]
36 [209, 254]
36 [167, 206]
36 [158, 236]
36 [95, 39]
36 [55, 51]
36 [175, 29]
36 [183, 96]
36 [41, 69]
36 [251, 225]
36 [217, 99]
36 [66, 241]
36 [88, 36]
36 [233, 118]
36 [74, 81]
36 [138, 10]
36 [249, 16]
36 [211, 32]
36 [212, 218]
36 [60, 141]
36 [137, 42]
36 [42, 157]
36 [169, 20]
36 [114, 222]
36 [178, 92]
36 [60, 244]
36 [115, 176]
36 [227, 104]
36 [147, 246]
36 [177, 85]
36 [185, 151]
36 [142, 28]
36 [168, 67]
36 [2, 66]
36 [187, 36]
36 [10, 190]
36 [72, 137]
36 [104, 112]
36 [156, 34]
36 [63, 87]
36 [24, 195]
36 [44, 116]
36 [217, 114]
36 [5, 111]
36 [216, 34]
36 [167, 129]
36 [15, 20]
36 [10, 245]
36 [212, 236]
36 [220, 111]
36 [145, 124]
36 [209, 76]
36 [12, 192]
36 [26, 27]
36 [79, 178]
36 [89, 84]
36 [82, 55]
36 [110, 14]
36 [171, 169]
36 [184, 230]
36 [69, 89]
36 [157, 211]
36 [169, 151]
36 [23, 146]
36 [160, 182]
36 [207, 140]
36 [179, 241]
36 [214, 126]
36 [105, 227]
36 [22, 61]
36 [50, 121]
36 [176, 174]
36 [34, 32]
36 [204, 85]
36 [176, 37]
36 [208, 87]
36 [8, 239]
36 [7, 119]
36 [115, 12]
36 [239, 54]
36 [53, 154]
36 [188, 6]
36 [231, 238]
36 [175, 239]
36 [43, 229]
36 [187, 82]
36 [119, 200]
36 [80, 64]
36 [232, 86]
36 [12, 145]
36 [136, 145]
36 [130, 229]
36 [131, 135]
36 [137, 67]
36 [24, 98]
36 [58, 249]
36 [181, 245]
36 [254, 0]
36 [129, 157]
36 [74, 95]
36 [31, 147]
36 [104, 52]
36 [97, 246]
36 [91, 223]
36 [51, 106]
36 [240, 194]
36 [124, 150]
36 [15, 167]
36 [29, 210]
36 [6, 80]
36 [191, 148]
36 [60, 243]
36 [89, 30]
36 [216, 39]
36 [190, 241]
36 [210, 77]
36 [125, 36]
36 [32, 33]
36 [193, 168]
36 [216, 70]
36 [168, 12]
36 [28, 105]
36 [84, 180]
36 [220, 77]
36 [227, 10]
36 [202, 94]
36 [35, 231]
36 [160, 176]
36 [32, 62]
36 [93, 221]
36 [136, 182]
36 [134, 221]
36 [189, 221]
36 [207, 225]
36 [243, 213]
36 [71, 194]
36 [173, 200]
36 [69, 41]
36 [230, 96]
36 [85, 136]
36 [57, 200]
36 [201, 217]
36 [71, 57]
36 [198, 128]
36 [129, 189]
36 [171, 108]
36 [149, 78]
36 [55, 96]
36 [208, 20]
36 [110, 36]
36 [175, 17]
36 [86, 73]
36 [180, 125]
36 [215, 209]
36 [2, 90]
36 [174, 232]
36 [63, 23]
36 [214, 51]
36 [95, 169]
36 [147, 85]
36 [209, 109]
36 [193, 164]
36 [164, 133]
36 [134, 170]
36 [166, 37]
36 [80, 158]
36 [74, 227]
36 [222, 166]
36 [75, 184]
36 [136, 234]
36 [203, 155]
36 [179, 76]
36 [245, 229]
36 [69, 170]
36 [32, 253]
36 [160, 166]
36 [60, 99]
36 [39, 194]
36 [47, 39]
36 [187, 87]
36 [178, 224]
36 [72, 122]
36 [45, 115]
36 [208, 155]
36 [135, 121]
36 [32, 234]
36 [149, 198]
36 [252, 57]
36 [18, 9]
36 [119, 125]
36 [169, 69]
36 [185, 226]
36 [141, 116]
36 [80, 134]
36 [216, 54]
36 [41, 13]
36 [207, 121]
36 [23, 49]
36 [231, 184]
36 [48, 206]
36 [195, 17]
36 [204, 173]
36 [131, 227]
36 [169, 45]
36 [153, 196]
36 [58, 25]
36 [206, 200]
36 [29, 181]
36 [131, 32]
36 [228, 122]
36 [48, 215]
36 [238, 49]
36 [188, 107]
36 [144, 215]
36 [232, 118]
36 [176, 120]
36 [41, 71]
36 [236, 133]
36 [122, 110]
36 [140, 237]
36 [86, 143]
36 [253, 115]
36 [89, 234]
36 [48, 172]
36 [34, 61]
36 [46, 189]
36 [37, 53]
36 [30, 58]
36 [99, 87]
36 [30, 68]
36 [175, 186]
36 [113, 0]
36 [232, 94]
36 [8, 169]
36 [233, 126]
36 [236, 17]
36 [58, 112]
36 [237, 166]
36 [11, 32]
36 [184, 147]
36 [121, 16]
36 [39, 25]
36 [173, 100]
36 [227, 70]
36 [30, 198]
36 [137, 118]
36 [228, 79]
36 [229, 191]
36 [131, 87]
36 [249, 36]
36 [218, 244]
36 [8, 120]
36 [114, 21]
36 [189, 92]
36 [68, 207]
36 [225, 125]
36 [233, 83]
36 [47, 101]
36 [16, 3]
36 [17, 171]
36 [69, 17]
36 [144, 206]
36 [133, 144]
36 [13, 196]
36 [173, 131]
36 [46, 89]
36 [144, 202]
36 [228, 168]
36 [94, 152]
36 [1, 188]
36 [31, 35]
36 [136, 120]
36 [177, 236]
36 [184, 159]
36 [101, 116]
36 [54, 82]
36 [48, 127]
36 [67, 5]
36 [141, 76]
36 [40, 70]
36 [242, 245]
36 [245, 239]
36 [20, 186]
36 [223, 220]
36 [143, 37]
36 [143, 252]
36 [140, 209]
36 [151, 51]
36 [208, 146]
36 [213, 127]
36 [81, 62]
36 [132, 121]
36 [70, 211]
36 [96, 107]
36 [83, 147]
36 [89, 24]
36 [249, 79]
36 [234, 193]
36 [212, 41]
36 [227, 68]
36 [200, 21]
36 [183, 249]
36 [44, 188]
36 [34, 218]
36 [243, 141]
36 [153, 199]
36 [240, 20]
36 [19, 158]
36 [203, 108]
36 [118, 42]
36 [220, 129]
36 [151, 251]
36 [153, 107]
36 [47, 26]
36 [71, 135]
36 [248, 217]
36 [206, 12]
36 [227, 46]
36 [115, 89]
36 [221, 27]
36 [179, 109]
36 [95, 99]
36 [207, 86]
36 [23, 86]
36 [26, 242]
36 [114, 18]
36 [91, 84]
36 [97, 98]
36 [57, 156]
36 [202, 193]
36 [136, 148]
36 [69, 152]
36 [110, 40]
36 [194, 241]
36 [68, 115]
36 [213, 79]
36 [24, 153]
36 [120, 141]
36 [137, 145]
36 [187, 164]
36 [170, 180]
36 [198, 153]
36 [191, 133]
36 [58, 62]
36 [194, 148]
36 [40, 235]
36 [238, 63]
36 [252, 83]
36 [113, 189]
36 [222, 3]
36 [207, 136]
36 [81, 25]
36 [66, 61]
36 [148, 10]
36 [173, 183]
36 [21, 211]
36 [92, 82]
36 [169, 204]
36 [218, 225]
36 [12, 123]
36 [232, 231]
36 [62, 54]
36 [242, 122]
36 [181, 161]
36 [194, 217]
36 [241, 5]
36 [61, 39]
36 [24, 45]
36 [8, 159]
36 [218, 203]
36 [136, 86]
36 [53, 206]
36 [62, 37]
36 [164, 27]
36 [138, 157]
36 [147, 123]
36 [156, 209]
36 [164, 150]
36 [235, 18]
36 [190, 45]
36 [114, 76]
36 [105, 16]
36 [196, 6]
36 [113, 100]
36 [133, 148]
36 [43, 32]
36 [156, 78]
36 [42, 199]
36 [138, 29]
36 [15, 214]
36 [198, 21]
36 [203, 247]
36 [207, 154]
36 [245, 4]
36 [138, 222]
36 [226, 241]
36 [189, 158]
36 [20, 102]
36 [110, 16]
36 [189, 207]
36 [191, 92]
36 [201, 146]
36 [185, 231]
36 [246, 113]
36 [75, 194]
36 [50, 113]
36 [180, 113]
36 [11, 8]
36 [12, 205]
36 [28, 22]
36 [46, 210]
36 [4, 172]
36 [199, 53]
36 [39, 131]
36 [139, 148]
36 [169, 190]
36 [16, 33]
36 [122, 107]
36 [163, 34]
36 [57, 57]
36 [229, 104]
36 [207, 16]
36 [108, 235]
36 [193, 209]
36 [195, 63]
36 [173, 239]
36 [230, 185]
36 [72, 102]
36 [126, 5]
36 [154, 99]
36 [147, 230]
36 [52, 224]
36 [153, 172]
36 [157, 66]
36 [101, 59]
36 [29, 208]
36 [113, 120]
36 [154, 103]
36 [39, 104]
36 [207, 78]
36 [230, 127]
36 [172, 5]
36 [131, 253]
36 [21, 229]
36 [114, 203]
36 [98, 168]
36 [3, 78]
36 [79, 5]
36 [110, 175]
36 [176, 129]
36 [5, 88]
36 [248, 87]
36 [205, 144]
36 [15, 95]
36 [38, 94]
36 [73, 252]
36 [226, 0]
36 [224, 192]
36 [25, 134]
36 [63, 84]
36 [250, 71]
36 [18, 213]
36 [133, 123]
36 [217, 82]
36 [171, 204]
36 [253, 93]
36 [234, 253]
36 [84, 102]
36 [229, 253]
36 [235, 148]
36 [171, 218]
36 [120, 67]
36 [157, 124]
36 [29, 78]
36 [7, 201]
36 [125, 92]
36 [189, 186]
36 [188, 151]
36 [251, 153]
36 [116, 53]
36 [42, 230]
36 [214, 169]
36 [178, 244]
36 [206, 70]
36 [141, 224]
36 [11, 181]
36 [210, 86]
36 [47, 124]
36 [62, 0]
36 [208, 26]
36 [236, 140]
36 [22, 110]
36 [190, 125]
36 [50, 252]
36 [162, 168]
36 [60, 179]
36 [30, 141]
36 [193, 213]
36 [92, 138]
36 [118, 212]
36 [243, 188]
36 [150, 236]
36 [36, 164]
36 [253, 175]
36 [183, 163]
36 [191, 253]
36 [149, 68]
36 [12, 165]
36 [5, 14]
36 [49, 92]
36 [187, 158]
36 [73, 38]
36 [46, 98]
36 [8, 215]
36 [254, 34]
36 [78, 251]
36 [229, 127]
36 [15, 248]
36 [72, 244]
36 [191, 4]
36 [130, 64]
36 [113, 192]
36 [180, 186]
36 [65, 221]
36 [7, 170]
36 [182, 192]
36 [37, 113]
36 [7, 221]
36 [89, 158]
36 [226, 0]
36 [234, 157]
36 [163, 131]
36 [37, 172]
36 [205, 86]
36 [38, 51]
36 [209, 77]
36 [186, 234]
36 [231, 20]
36 [64, 58]
36 [21, 172]
36 [58, 192]
36 [58, 217]
36 [108, 187]
36 [170, 9]
36 [10, 197]
36 [145, 130]
36 [162, 250]
36 [48, 39]
36 [209, 37]
36 [141, 233]
36 [220, 164]
36 [140, 42]
36 [186, 36]
36 [175, 164]
36 [194, 254]
36 [63, 236]
36 [156, 198]
36 [38, 49]
36 [60, 130]
36 [215, 56]
36 [197, 16]
36 [214, 223]
36 [13, 53]
36 [29, 67]
36 [212, 223]
36 [149, 56]
36 [19, 183]
36 [76, 141]
36 [121, 185]
36 [1, 59]
36 [30, 196]
36 [91, 97]
36 [171, 222]
36 [25, 249]
36 [158, 84]
36 [92, 81]
36 [108, 23]
36 [141, 119]
36 [189, 217]
36 [124, 124]
36 [254, 221]
36 [10, 167]
36 [232, 14]
36 [227, 77]
36 [239, 159]
36 [130, 163]
36 [20, 117]
36 [74, 145]
36 [197, 212]
36 [244, 246]
36 [141, 6]
36 [3, 77]
36 [61, 190]
36 [203, 11]
36 [250, 40]
36 [142, 77]
36 [66, 125]
36 [134, 132]
36 [225, 254]
36 [13, 109]
36 [250, 69]
36 [94, 212]
36 [121, 51]
36 [127, 254]
36 [125, 75]
36 [48, 154]
36 [98, 22]
36 [14, 25]
36 [250, 41]
36 [231, 219]
36 [74, 114]
36 [2, 184]
36 [81, 216]
36 [51, 53]
36 [230, 185]
36 [117, 116]
36 [212, 93]
36 [176, 69]
36 [34, 5]
36 [126, 95]
36 [111, 145]
36 [183, 133]
36 [195, 21]
36 [71, 26]
36 [88, 91]
36 [159, 3]
36 [146, 238]
36 [203, 50]
36 [137, 86]
36 [176, 106]
36 [77, 151]
36 [96, 254]
36 [23, 193]
36 [1, 117]
36 [234, 81]
36 [116, 69]
36 [7, 80]
36 [181, 97]
36 [185, 36]
36 [106, 19]
36 [133, 22]
36 [102, 201]
36 [244, 200]
36 [132, 63]
36 [32, 36]
36 [145, 40]
36 [37, 101]
36 [124, 55]
36 [69, 19]
36 [32, 248]
36 [107, 43]
36 [76, 16]
36 [154, 38]
36 [39, 214]
36 [106, 250]
36 [250, 14]
36 [207, 97]
36 [25, 107]
36 [18, 195]
36 [252, 35]
36 [36, 246]
36 [126, 26]
36 [184, 9]
36 [151, 66]
36 [89, 76]
36 [100, 38]
36 [210, 71]
36 [24, 129]
36 [15, 1]
36 [194, 50]
36 [65, 127]
36 [115, 58]
36 [150, 167]
36 [100, 115]
36 [84, 96]
36 [14, 142]
36 [225, 197]
36 [170, 42]
36 [141, 202]
36 [50, 129]
36 [248, 247]
36 [252, 236]
36 [110, 120]
36 [56, 14]
36 [93, 158]
36 [206, 27]
36 [126, 35]
36 [4, 194]
36 [109, 206]
36 [30, 33]
36 [200, 133]
36 [113, 222]
36 [226, 142]
36 [11, 93]
36 [123, 233]
36 [62, 81]
36 [101, 33]
36 [188, 138]
36 [176, 144]
36 [110, 184]
36 [152, 223]
36 [151, 250]
36 [198, 241]
36 [58, 138]
36 [147, 68]
36 [70, 144]
36 [41, 105]
36 [148, 173]
36 [185, 130]
36 [112, 170]
36 [72, 93]
36 [165, 65]
36 [227, 99]
36 [159, 29]
36 [122, 44]
36 [174, 81]
36 [108, 31]
36 [85, 198]
36 [129, 111]
36 [9, 121]
36 [19, 217]
36 [185, 157]
36 [41, 219]
36 [221, 252]
36 [212, 107]
36 [206, 149]
36 [89, 210]
36 [76, 29]
36 [205, 112]
36 [104, 14]
36 [198, 69]
36 [81, 224]
36 [136, 175]
36 [215, 48]
36 [96, 12]
36 [94, 166]
36 [173, 67]
36 [241, 244]
36 [19, 160]
36 [205, 156]
36 [149, 170]
36 [89, 234]
36 [7, 210]
36 [207, 246]
36 [199, 54]
36 [114, 215]
36 [1, 244]
36 [68, 97]
36 [185, 207]
36 [155, 12]
36 [200, 92]
36 [155, 104]
36 [34, 11]
36 [85, 217]
36 [94, 110]
36 [247, 57]
36 [85, 224]
36 [223, 73]
36 [240, 185]
36 [58, 124]
36 [111, 75]
36 [143, 196]
36 [25, 248]
36 [17, 17]
36 [40, 52]
36 [116, 127]
36 [133, 128]
36 [14, 190]
36 [129, 167]
36 [25, 126]
36 [207, 103]
36 [71, 230]
36 [204, 131]
36 [10, 107]
36 [79, 238]
36 [71, 156]
36 [14, 77]
36 [175, 101]
36 [194, 132]
36 [248, 114]
36 [54, 170]
36 [150, 135]
36 [135, 56]
36 [18, 90]
36 [247, 77]
36 [66, 249]
36 [203, 196]
36 [232, 101]
36 [249, 172]
36 [45, 57]
36 [235, 9]
36 [59, 167]
36 [197, 103]
36 [205, 97]
36 [211, 148]
36 [191, 205]
36 [149, 224]
36 [61, 112]
36 [215, 205]
36 [131, 247]
36 [55, 208]
36 [240, 99]
36 [62, 41]
36 [7, 158]
36 [144, 35]
36 [159, 93]
36 [80, 238]
36 [91, 157]
36 [78, 226]
36 [83, 188]
36 [32, 39]
36 [21, 185]
36 [162, 31]
36 [182, 248]
36 [196, 200]
36 [135, 72]
36 [57, 198]
36 [71, 47]
36 [215, 209]
36 [207, 224]
36 [104, 34]
36 [87, 73]
36 [214, 80]
36 [243, 102]
36 [64, 159]
36 [139, 181]
36 [23, 72]
36 [96, 24]
36 [26, 56]
36 [174, 60]
36 [231, 44]
36 [62, 251]
36 [233, 134]
36 [89, 174]
36 [254, 137]
36 [62, 137]
36 [93, 200]
36 [137, 124]
36 [180, 209]
36 [29, 122]
36 [12, 154]
36 [48, 191]
36 [199, 137]
36 [236, 78]
36 [141, 53]
36 [229, 38]
36 [117, 211]
36 [24, 163]
36 [114, 251]
36 [160, 85]
36 [241, 118]
36 [30, 150]
36 [185, 123]
36 [208, 33]
36 [253, 112]
36 [17, 154]
36 [111, 74]
36 [91, 34]
36 [9, 115]
36 [20, 158]
36 [104, 2]
36 [54, 239]
36 [147, 73]
36 [118, 58]
36 [20, 147]
36 [253, 46]
36 [213, 139]
36 [53, 148]
36 [2, 128]
36 [85, 222]
36 [240, 78]
36 [214, 177]
36 [19, 172]
36 [209, 198]
36 [178, 83]
36 [137, 50]
36 [149, 242]
36 [103, 37]
36 [236, 113]
36 [62, 63]
36 [105, 166]
36 [59, 249]
36 [210, 7]
36 [238, 186]
36 [174, 50]
36 [124, 116]
36 [118, 224]
36 [170, 123]
36 [37, 189]
36 [135, 36]
36 [3, 94]
36 [55, 181]
36 [90, 45]
36 [244, 93]
36 [28, 188]
36 [148, 242]
36 [229, 137]
36 [38, 167]
36 [82, 55]
36 [89, 24]
36 [44, 90]
36 [243, 41]
36 [169, 237]
36 [175, 188]
36 [60, 213]
36 [188, 89]
36 [4, 21]
36 [159, 114]
36 [127, 163]
36 [124, 207]
36 [63, 227]
36 [119, 96]
36 [173, 32]
36 [194, 83]
36 [17, 181]
36 [172, 43]
36 [197, 157]
36 [85, 156]
36 [174, 254]
36 [25, 81]
36 [165, 247]
36 [41, 148]
36 [196, 143]
36 [108, 96]
36 [241, 245]
36 [87, 213]
36 [64, 58]
36 [102, 53]
36 [86, 107]
36 [198, 95]
36 [108, 74]
36 [131, 193]
36 [201, 253]
36 [78, 236]
36 [80, 243]
36 [71, 166]
36 [44, 214]
36 [129, 18]
36 [48, 148]
36 [44, 251]
36 [106, 244]
36 [222, 185]
36 [88, 240]
36 [88, 10]
36 [154, 78]
36 [47, 250]
36 [187, 151]
36 [104, 41]
36 [138, 129]
36 [230, 190]
36 [14, 31]
36 [129, 163]
36 [12, 8]
36 [211, 181]
36 [120, 11]
36 [133, 43]
36 [59, 27]
36 [87, 244]
36 [6, 142]
36 [93, 231]
36 [226, 76]
36 [168, 160]
36 [99, 208]
36 [164, 44]
36 [247, 174]
36 [247, 7]
36 [135, 186]
36 [20, 220]
36 [64, 154]
36 [199, 138]
36 [93, 200]
36 [246, 231]
36 [250, 4]
36 [159, 163]
36 [44, 115]
36 [71, 83]
36 [140, 23]
36 [116, 221]
36 [246, 178]
36 [65, 197]
36 [81, 229]
36 [210, 236]
36 [192, 151]
36 [13, 53]
36 [168, 158]
36 [110, 60]
36 [126, 162]
36 [228, 45]
36 [38, 15]
36 [6, 200]
36 [111, 22]
36 [178, 247]
36 [230, 35]
36 [193, 54]
36 [40, 156]
36 [119, 153]
36 [41, 243]
36 [142, 198]
36 [168, 192]
36 [60, 27]
36 [201, 14]
36 [54, 159]
36 [237, 40]
36 [180, 64]
36 [27, 180]
36 [226, 40]
36 [73, 248]
36 [207, 100]
36 [62, 1]
36 [133, 68]
36 [85, 19]
36 [43, 172]
36 [54, 70]
36 [224, 55]
36 [225, 86]
36 [99, 23]
36 [91, 222]
36 [113, 185]
36 [63, 169]
36 [62, 127]
36 [48, 104]
36 [36, 92]
36 [163, 169]
36 [128, 147]
36 [91, 125]
36 [176, 254]
36 [180, 238]
36 [171, 179]
36 [59, 167]
36 [234, 151]
36 [159, 168]
36 [2, 15]
36 [48, 96]
36 [27, 213]
36 [20, 34]
36 [130, 185]
36 [18, 237]
36 [58, 131]
36 [230, 234]
36 [114, 1]
36 [58, 139]
36 [55, 156]
36 [249, 99]
36 [196, 57]
36 [172, 229]
36 [109, 222]
36 [139, 229]
36 [216, 169]
36 [156, 222]
36 [50, 13]
36 [234, 207]
36 [86, 194]
36 [173, 195]
36 [133, 70]
36 [154, 235]
36 [182, 137]
36 [174, 156]
36 [32, 51]
36 [81, 193]
36 [54, 243]
36 [235, 146]
36 [175, 249]
36 [170, 182]
36 [207, 110]
36 [178, 79]
36 [26, 74]
36 [105, 242]
36 [139, 175]
36 [61, 174]
36 [59, 77]
36 [115, 38]
36 [176, 96]
36 [88, 227]
36 [7, 196]
36 [177, 136]
36 [127, 224]
36 [250, 200]
36 [121, 206]
36 [216, 250]
36 [3, 194]
36 [67, 217]
36 [31, 115]
36 [214, 170]
36 [136, 107]
36 [235, 91]
36 [238, 62]
36 [17, 84]
36 [174, 195]
36 [77, 51]
36 [186, 104]
36 [240, 251]
36 [164, 177]
36 [228, 42]
36 [175, 229]
36 [17, 158]
36 [83, 79]
36 [72, 164]
36 [51, 217]
36 [251, 25]
36 [80, 65]
36 [63, 204]
36 [222, 50]
36 [242, 164]
36 [169, 166]
36 [199, 23]
36 [139, 191]
36 [69, 222]
36 [189, 123]
36 [196, 192]
36 [230, 212]
36 [115, 85]
36 [114, 32]
36 [4, 52]
36 [191, 59]
36 [90, 94]
36 [113, 45]
36 [145, 91]
36 [29, 73]
36 [105, 150]
36 [155, 202]
36 [50, 242]
36 [210, 84]
36 [95, 27]
36 [13, 31]
36 [92, 231]
36 [134, 75]
36 [131, 111]
36 [44, 98]
36 [173, 56]
36 [139, 218]
36 [185, 46]
36 [133, 49]
36 [23, 235]
36 [225, 86]
36 [122, 20]
36 [171, 140]
36 [217, 31]
36 [42, 217]
36 [68, 35]
36 [232, 173]
36 [189, 12]
36 [30, 193]
36 [74, 6]
36 [243, 54]
36 [139, 109]
36 [104, 101]
36 [82, 235]
36 [17, 214]
36 [44, 199]
36 [123, 12]
36 [178, 6]
36 [199, 221]
36 [144, 57]
36 [115, 172]
36 [192, 17]
36 [8, 134]
36 [190, 145]
36 [66, 15]
36 [124, 53]
36 [200, 13]
36 [27, 15]
36 [200, 116]
36 [8, 220]
36 [146, 172]
36 [223, 157]
36 [224, 144]
36 [74, 103]
36 [28, 254]
36 [38, 137]
36 [86, 135]
36 [59, 183]
36 [123, 90]
36 [220, 16]
36 [21, 163]
36 [181, 2]
36 [35, 185]
36 [46, 243]
36 [157, 190]
36 [122, 25]
36 [138, 3]
36 [97, 127]
36 [202, 5]
36 [243, 69]
36 [82, 188]
36 [148, 197]
36 [153, 245]
36 [4, 127]
36 [100, 11]
36 [231, 181]
36 [209, 111]
36 [140, 211]
36 [235, 185]
36 [249, 126]
36 [96, 23]
36 [53, 57]
36 [19, 140]
36 [135, 129]
36 [58, 83]
36 [70, 168]
36 [236, 129]
36 [209, 12]
36 [195, 80]
36 [94, 195]
36 [51, 51]
36 [21, 169]
36 [157, 106]
36 [48, 204]
36 [143, 41]
36 [74, 142]
36 [131, 153]
36 [211, 116]
36 [80, 241]
36 [164, 150]
36 [180, 226]
36 [31, 177]
36 [64, 38]
36 [64, 230]
36 [101, 66]
36 [109, 128]
36 [60, 96]
36 [137, 254]
36 [213, 80]
36 [243, 206]
36 [9, 93]
36 [150, 67]
36 [102, 245]
36 [4, 64]
36 [39, 160]
36 [150, 233]
36 [161, 172]
36 [165, 225]
36 [22, 85]
36 [206, 104]
36 [138, 98]
36 [152, 159]
36 [38, 168]
36 [212, 181]
36 [116, 245]
36 [243, 252]
36 [140, 223]
36 [106, 181]
36 [194, 107]
36 [226, 10]
36 [205, 85]
36 [252, 62]
36 [48, 212]
36 [208, 10]
36 [118, 59]
36 [115, 254]
36 [66, 109]
36 [139, 183]
36 [166, 245]
36 [131, 194]
36 [60, 91]
36 [90, 28]
36 [57, 18]
36 [34, 245]
36 [63, 138]
36 [217, 60]
36 [225, 29]
36 [108, 217]
36 [9, 80]
36 [31, 137]
36 [152, 123]
36 [237, 182]
36 [221, 27]
36 [124, 85]
36 [102, 240]
36 [244, 7]
36 [202, 43]
36 [193, 220]
36 [171, 21]
36 [33, 142]
36 [160, 45]
36 [215, 38]
36 [243, 82]
36 [113, 163]
36 [129, 154]
36 [117, 98]
36 [87, 37]
36 [84, 5]
36 [168, 98]
36 [81, 115]
36 [190, 207]
36 [215, 147]
36 [242, 166]
36 [41, 106]
36 [153, 252]
36 [175, 73]
36 [178, 3]
36 [207, 41]
36 [238, 141]
36 [218, 222]
36 [174, 3]
36 [253, 250]
36 [247, 55]
36 [240, 135]
36 [228, 96]
36 [235, 209]
36 [62, 10]
36 [19, 5]
36 [204, 171]
36 [36, 113]
36 [62, 114]
36 [98, 191]
36 [24, 222]
36 [113, 248]
36 [179, 232]
36 [99, 120]
36 [116, 133]
36 [248, 57]
36 [13, 87]
36 [68, 7]
36 [104, 231]
36 [1, 7]
36 [170, 68]
36 [182, 30]
36 [94, 209]
36 [222, 171]
36 [58, 80]
36 [20, 87]
36 [84, 7]
36 [214, 59]
36 [158, 148]
36 [130, 20]
36 [231, 86]
36 [230, 126]
36 [187, 73]
36 [198, 149]
36 [4, 245]
36 [119, 34]
36 [92, 55]
36 [158, 232]
36 [212, 89]
36 [224, 232]
36 [60, 225]
36 [22, 92]
36 [164, 0]
36 [242, 73]
36 [111, 85]
36 [85, 52]
36 [71, 29]
36 [71, 193]
36 [254, 244]
36 [244, 4]
36 [24, 218]
36 [170, 8]
36 [216, 168]
36 [216, 46]
36 [178, 202]
36 [49, 131]
36 [212, 252]
36 [195, 222]
36 [211, 15]
36 [116, 15]
36 [215, 250]
36 [64, 121]
36 [6, 239]
36 [117, 137]
36 [226, 203]
36 [169, 151]
36 [171, 136]
36 [39, 54]
36 [218, 237]
36 [32, 149]
36 [200, 235]
36 [239, 160]
36 [190, 145]
36 [25, 107]
36 [130, 175]
36 [29, 130]
36 [184, 220]
36 [183, 129]
36 [138, 103]
36 [8, 48]
36 [217, 206]
36 [23, 229]
36 [213, 177]
36 [16, 207]
36 [131, 171]
36 [229, 229]
36 [104, 153]
36 [126, 24]
36 [157, 128]
36 [235, 239]
36 [152, 57]
36 [162, 236]
36 [29, 191]
36 [89, 196]
36 [218, 229]
36 [37, 245]
36 [195, 74]
36 [12, 140]
36 [10, 244]
36 [22, 239]
36 [162, 240]
36 [137, 228]
36 [0, 166]
36 [162, 176]
36 [154, 98]
36 [184, 176]
36 [215, 168]
36 [184, 135]
36 [99, 177]
36 [32, 20]
36 [180, 84]
36 [232, 117]
36 [111, 236]
36 [252, 36]
36 [24, 220]
36 [27, 164]
36 [82, 215]
36 [81, 8]
36 [1, 231]
36 [66, 128]
36 [252, 251]
36 [232, 235]
36 [108, 45]
36 [35, 45]
36 [154, 143]
36 [222, 234]
36 [186, 112]
36 [75, 152]
36 [55, 48]
36 [249, 67]
36 [153, 119]
36 [100, 176]
36 [129, 1]
36 [118, 107]
36 [236, 177]
36 [180, 98]
36 [201, 103]
36 [248, 8]
36 [141, 111]
36 [78, 30]
36 [205, 71]
36 [61, 134]
36 [112, 147]
36 [179, 202]
36 [22, 57]
36 [103, 230]
36 [116, 19]
36 [148, 22]
36 [44, 68]
36 [140, 143]
36 [47, 184]
36 [118, 99]
36 [217, 245]
36 [19, 33]
36 [213, 100]
36 [43, 107]
36 [60, 20]
36 [190, 95]
36 [240, 202]
36 [223, 123]
36 [94, 204]
36 [167, 63]
36 [28, 69]
36 [195, 22]
36 [168, 74]
36 [122, 172]
36 [88, 211]
36 [213, 99]
36 [29, 57]
36 [26, 86]
36 [118, 65]
36 [220, 154]
36 [178, 72]
36 [16, 116]
36 [153, 111]
36 [110, 29]
36 [107, 175]
36 [95, 71]
36 [215, 251]
36 [97, 88]
36 [101, 39]
36 [228, 222]
36 [46, 151]
36 [143, 7]
36 [3, 64]
36 [111, 110]
36 [207, 185]
36 [167, 63]
36 [26, 95]
36 [175, 74]
36 [93, 147]
36 [148, 23]
36 [50, 191]
36 [119, 226]
36 [72, 138]
36 [148, 78]
36 [32, 14]
36 [115, 20]
36 [254, 163]
36 [136, 143]
36 [173, 118]
36 [181, 20]
36 [153, 212]
36 [235, 7]
36 [0, 164]
36 [3, 168]
36 [210, 44]
36 [192, 219]
36 [57, 200]
36 [135, 248]
36 [103, 254]
36 [75, 137]
36 [169, 126]
36 [24, 228]
36 [168, 65]
36 [65, 178]
36 [166, 185]
36 [34, 143]
36 [236, 67]
36 [44, 180]
36 [234, 163]
36 [201, 139]
36 [107, 61]
36 [17, 144]
36 [205, 175]
36 [89, 64]
36 [73, 100]
36 [8, 183]
36 [70, 33]
36 [60, 116]
36 [216, 202]
36 [168, 216]
36 [141, 109]
36 [123, 179]
36 [188, 99]
36 [17, 7]
36 [85, 199]
36 [151, 248]
36 [45, 190]
36 [182, 152]
36 [157, 168]
36 [174, 74]
36 [129, 43]
36 [59, 114]
36 [64, 37]
36 [170, 124]
36 [170, 128]
36 [186, 207]
36 [93, 97]
36 [252, 138]
36 [171, 94]
36 [148, 232]
36 [34, 146]
36 [155, 246]
36 [16, 230]
36 [184, 48]
36 [61, 172]
36 [248, 104]
36 [69, 20]
36 [56, 136]
36 [249, 55]
36 [225, 155]
36 [174, 27]
36 [22, 251]
36 [3, 81]
36 [163, 56]
36 [172, 15]
36 [171, 42]
36 [218, 141]
36 [199, 211]
36 [226, 243]
36 [54, 229]
36 [132, 190]
36 [241, 185]
36 [230, 74]
36 [185, 1]
36 [129, 115]
36 [35, 186]
36 [199, 23]
36 [196, 109]
36 [212, 49]
36 [138, 206]
36 [251, 155]
36 [253, 10]
36 [119, 10]
36 [210, 89]
36 [44, 217]
36 [24, 38]
36 [50, 108]
36 [139, 152]
36 [125, 73]
36 [14, 26]
36 [73, 141]
36 [227, 109]
36 [123, 127]
36 [13, 30]
36 [51, 43]
36 [233, 84]
36 [7, 78]
36 [207, 185]
36 [91, 120]
36 [44, 88]
36 [203, 231]
36 [167, 101]
36 [111, 227]
36 [111, 39]
36 [188, 54]
36 [103, 82]
36 [5, 235]
36 [209, 103]
36 [148, 216]
36 [238, 91]
36 [252, 142]
36 [94, 21]
36 [13, 140]
36 [91, 159]
36 [87, 232]
36 [98, 178]
36 [235, 246]
36 [67, 91]
36 [127, 200]
36 [131, 135]
36 [102, 116]
36 [188, 251]
36 [196, 136]
36 [67, 223]
36 [205, 160]
36 [25, 6]
36 [85, 254]
36 [76, 199]
36 [7, 232]
36 [188, 167]
36 [14, 77]
36 [249, 215]
36 [123, 174]
36 [185, 198]
36 [183, 5]
36 [183, 98]
36 [201, 156]
36 [111, 146]
36 [230, 99]
36 [233, 166]
36 [191, 63]
36 [222, 41]
36 [96, 122]
36 [115, 244]
36 [116, 40]
36 [32, 106]
36 [192, 127]
36 [241, 2]
36 [247, 196]
36 [122, 84]
36 [36, 76]
36 [67, 240]
36 [108, 85]
36 [243, 84]
36 [237, 195]
36 [195, 243]
36 [198, 30]
36 [210, 237]
36 [45, 190]
36 [4, 6]
36 [13, 26]
36 [202, 136]
36 [107, 10]
36 [227, 154]
36 [175, 23]
36 [41, 206]
36 [101, 149]
36 [225, 72]
36 [78, 98]
36 [155, 92]
36 [165, 91]
36 [146, 11]
36 [207, 151]
36 [2, 173]
36 [129, 86]
36 [100, 76]
36 [148, 126]
36 [186, 68]
36 [121, 70]
36 [242, 159]
36 [133, 12]
36 [96, 25]
36 [124, 241]
36 [173, 164]
36 [128, 206]
36 [39, 195]
36 [56, 124]
36 [6, 60]
36 [105, 40]
36 [223, 111]
36 [58, 72]
36 [108, 49]
36 [74, 63]
36 [123, 247]
36 [254, 204]
36 [123, 118]
36 [35, 158]
36 [49, 79]
36 [26, 171]
36 [16, 35]
36 [242, 155]
36 [191, 35]
36 [244, 90]
36 [74, 241]
36 [87, 138]
36 [162, 157]
36 [100, 146]
36 [37, 205]
36 [250, 130]
36 [218, 68]
36 [64, 55]
36 [162, 136]
36 [157, 107]
36 [75, 157]
36 [32, 247]
36 [1, 197]
36 [89, 192]
36 [163, 172]
36 [221, 175]
36 [10, 251]
36 [44, 24]
36 [152, 224]
36 [25, 5]
36 [199, 3]
36 [194, 191]
36 [76, 173]
36 [236, 191]
36 [51, 120]
36 [127, 165]
36 [169, 15]
36 [119, 143]
36 [148, 167]
36 [96, 69]
36 [238, 88]
36 [177, 204]
36 [201, 47]
36 [37, 46]
36 [189, 163]
36 [120, 243]
36 [153, 249]
36 [12, 2]
36 [1, 192]
36 [148, 143]
36 [118, 215]
36 [164, 175]
36 [153, 110]
36 [191, 110]
36 [167, 233]
36 [104, 22]
36 [203, 196]
36 [148, 159]
36 [51, 163]
36 [159, 215]
36 [199, 77]
36 [119, 7]
36 [213, 204]
36 [205, 9]
36 [47, 189]
36 [202, 236]
36 [224, 172]
36 [99, 98]
36 [120, 237]
36 [219, 152]
36 [243, 82]
36 [102, 124]
36 [89, 230]
36 [57, 10]
36 [68, 203]
36 [51, 105]
36 [155, 123]
36 [15, 181]
36 [128, 169]
36 [161, 146]
36 [151, 180]
36 [58, 16]
36 [31, 145]
36 [213, 185]
36 [127, 152]
36 [125, 190]
36 [22, 213]
36 [246, 28]
36 [164, 230]
36 [45, 244]
36 [74, 9]
36 [101, 90]
36 [187, 206]
36 [196, 18]
36 [191, 149]
36 [74, 211]
36 [98, 184]
36 [91, 236]
36 [127, 77]
36 [78, 130]
36 [61, 72]
36 [231, 110]
36 [227, 194]
36 [26, 92]
36 [7, 208]
36 [231, 63]
36 [240, 197]
36 [129, 78]
36 [232, 145]
36 [248, 128]
36 [97, 83]
36 [217, 24]
36 [158, 248]
36 [205, 2]
36 [78, 200]
36 [240, 229]
36 [90, 35]
36 [129, 110]
36 [222, 253]
36 [104, 65]
36 [226, 83]
36 [212, 231]
36 [1, 31]
36 [30, 148]
36 [188, 34]
36 [41, 79]
36 [70, 172]
36 [33, 171]
36 [63, 197]
36 [61, 39]
36 [71, 233]
36 [55, 201]
36 [126, 181]
36 [136, 139]
36 [78, 49]
36 [18, 146]
36 [174, 143]
36 [147, 51]
36 [46, 73]
36 [64, 149]
36 [54, 53]
36 [61, 140]
36 [196, 45]
36 [195, 10]
36 [121, 68]
36 [14, 206]
36 [69, 153]
36 [121, 136]
36 [216, 87]
36 [206, 192]
36 [91, 119]
36 [104, 218]
36 [227, 26]
36 [246, 123]
36 [24, 137]
36 [120, 129]
36 [211, 117]
36 [238, 181]
36 [85, 29]
36 [211, 157]
36 [152, 40]
36 [229, 31]
36 [9, 59]
36 [128, 249]
36 [27, 118]
36 [84, 94]
36 [6, 152]
36 [219, 240]
36 [194, 151]
36 [230, 219]
36 [79, 145]
36 [230, 125]
36 [48, 56]
36 [151, 14]
36 [54, 198]
36 [83, 43]
36 [223, 85]
36 [60, 170]
36 [161, 2]
36 [92, 110]
36 [149, 17]
36 [208, 61]
36 [83, 99]
36 [156, 193]
36 [120, 81]
36 [20, 156]
36 [31, 209]
36 [167, 71]
36 [200, 45]
36 [175, 78]
36 [192, 237]
36 [188, 38]
36 [196, 73]
36 [250, 180]
36 [228, 89]
36 [78, 6]
36 [154, 225]
36 [34, 188]
36 [216, 195]
36 [204, 39]
36 [237, 47]
36 [185, 251]
36 [211, 54]
36 [119, 9]
36 [42, 62]
36 [37, 162]
36 [165, 199]
36 [206, 149]
36 [109, 254]
36 [161, 34]
36 [103, 66]
36 [116, 190]
36 [178, 137]
36 [195, 19]
36 [111, 248]
36 [113, 24]
36 [246, 136]
36 [136, 212]
36 [182, 154]
36 [31, 129]
36 [89, 104]
36 [77, 23]
36 [25, 212]
36 [16, 30]
36 [49, 154]
36 [10, 153]
36 [228, 88]
36 [242, 233]
36 [178, 183]
36 [194, 46]
36 [215, 37]
36 [15, 54]
36 [104, 86]
36 [139, 214]
36 [125, 166]
36 [112, 144]
36 [216, 235]
36 [251, 17]
36 [238, 158]
36 [30, 89]
36 [138, 249]
36 [65, 149]
36 [233, 96]
36 [171, 31]
36 [175, 239]
36 [224, 40]
36 [36, 166]
36 [132, 110]
36 [11, 101]
36 [112, 143]
36 [216, 245]
36 [5, 56]
36 [50, 239]
36 [3, 175]
36 [124, 102]
36 [135, 51]
36 [149, 43]
36 [110, 209]
36 [243, 27]
36 [2, 245]
36 [180, 203]
36 [153, 117]
36 [74, 44]
36 [12, 99]
36 [76, 164]
36 [94, 77]
36 [25, 29]
36 [32, 85]
36 [7, 55]
36 [220, 154]
36 [212, 119]
36 [191, 218]
36 [222, 154]
36 [101, 252]
36 [107, 222]
36 [51, 218]
36 [152, 183]
36 [85, 230]
36 [163, 136]
36 [68, 18]
36 [244, 62]
36 [98, 170]
36 [70, 21]
36 [71, 92]
36 [218, 38]
36 [248, 148]
36 [149, 231]
36 [14, 137]
36 [177, 90]
36 [234, 233]
36 [140, 0]
36 [106, 185]
36 [114, 190]
36 [107, 103]
36 [32, 48]
36 [107, 58]
36 [164, 188]
36 [13, 35]
36 [114, 131]
36 [196, 211]
36 [55, 77]
36 [200, 248]
36 [81, 91]
36 [72, 82]
36 [191, 14]
36 [231, 181]
36 [94, 243]
36 [10, 157]
36 [224, 21]
36 [40, 82]
36 [112, 120]
36 [148, 200]
36 [47, 239]
36 [174, 83]
36 [192, 138]
36 [222, 76]
36 [127, 99]
36 [148, 247]
36 [28, 181]
36 [28, 140]
36 [92, 242]
36 [151, 64]
36 [240, 49]
36 [125, 50]
36 [116, 18]
36 [26, 29]
36 [68, 20]
36 [77, 139]
36 [251, 173]
36 [109, 77]
36 [24, 213]
36 [0, 95]
36 [92, 57]
36 [61, 18]
36 [234, 2]
36 [20, 99]
36 [63, 44]
36 [87, 43]
36 [153, 107]
36 [64, 216]
36 [61, 78]
36 [22, 53]
36 [178, 117]
36 [236, 101]
36 [145, 153]
36 [234, 3]
36 [10, 56]
36 [38, 77]
36 [111, 75]
36 [230, 77]
36 [150, 249]
36 [93, 213]
36 [74, 207]
36 [244, 19]
36 [30, 215]
36 [128, 115]
36 [74, 226]
36 [56, 131]
36 [22, 192]
36 [165, 14]
36 [228, 187]
36 [68, 155]
36 [42, 119]
36 [181, 49]
36 [241, 182]
36 [201, 93]
36 [137, 136]
36 [229, 57]
36 [90, 162]
36 [81, 107]
36 [97, 187]
36 [90, 78]
36 [183, 167]
36 [155, 6]
36 [37, 45]
36 [79, 197]
36 [221, 206]
36 [243, 100]
36 [138, 77]
36 [95, 2]
36 [93, 239]
36 [50, 192]
36 [155, 132]
36 [167, 117]
36 [179, 78]
36 [152, 124]
36 [88, 176]
36 [227, 150]
36 [36, 2]
36 [145, 144]
36 [88, 224]
36 [247, 214]
36 [81, 227]
36 [169, 30]
36 [186, 81]
36 [96, 157]
36 [241, 181]
36 [181, 181]
36 [118, 121]
36 [15, 93]
36 [163, 217]
36 [202, 72]
36 [192, 152]
36 [43, 128]
36 [104, 153]
36 [27, 251]
36 [162, 93]
36 [13, 142]
36 [229, 55]
36 [115, 200]
36 [208, 159]
36 [106, 149]
36 [58, 48]
36 [192, 55]
36 [150, 189]
36 [202, 0]
36 [225, 195]
36 [231, 19]
36 [86, 7]
36 [152, 129]
36 [233, 181]
36 [109, 70]
36 [61, 64]
36 [197, 145]
36 [118, 199]
36 [222, 2]
36 [142, 141]
36 [150, 104]
36 [128, 110]
36 [17, 178]
36 [27, 253]
36 [206, 213]
36 [16, 177]
36 [146, 112]
36 [218, 112]
36 [22, 179]
36 [29, 61]
36 [149, 74]
36 [189, 63]
36 [63, 89]
36 [232, 158]
36 [6, 130]
36 [24, 14]
36 [8, 159]
36 [117, 122]
36 [194, 142]
36 [131, 67]
36 [87, 211]
36 [231, 204]
36 [27, 207]
36 [116, 5]
36 [168, 147]
36 [235, 148]
36 [166, 193]
36 [244, 166]
36 [187, 201]
36 [70, 85]
36 [159, 10]
36 [212, 138]
36 [192, 83]
36 [233, 59]
36 [0, 63]
36 [93, 47]
36 [223, 102]
36 [230, 171]
36 [108, 122]
36 [99, 175]
36 [2, 121]
36 [53, 42]
36 [206, 61]
36 [138, 189]
36 [124, 132]
36 [219, 83]
36 [133, 7]
36 [95, 40]
36 [200, 108]
36 [163, 94]
36 [175, 8]
36 [78, 174]
36 [41, 219]
36 [183, 166]
36 [148, 51]
36 [231, 141]
36 [81, 166]
36 [0, 130]
36 [143, 190]
36 [85, 109]
36 [14, 227]
36 [60, 136]
36 [90, 244]
36 [177, 130]
36 [162, 24]
36 [65, 57]
36 [139, 192]
36 [164, 149]
36 [199, 132]
36 [128, 27]
36 [198, 187]
36 [251, 95]
36 [67, 240]
36 [243, 19]
36 [117, 36]
36 [31, 182]
36 [24, 104]
36 [51, 42]
36 [129, 205]
36 [101, 119]
36 [178, 73]
36 [6, 17]
36 [31, 91]
36 [133, 212]
36 [27, 220]
36 [100, 254]
36 [180, 187]
36 [162, 102]
36 [150, 131]
36 [179, 67]
36 [47, 200]
36 [208, 235]
36 [8, 194]
36 [107, 21]
36 [6, 98]
36 [36, 161]
36 [225, 91]
36 [179, 71]
36 [109, 75]
36 [202, 226]
36 [19, 92]
36 [238, 61]
36 [206, 153]
36 [174, 252]
36 [26, 246]
36 [74, 19]
36 [67, 176]
36 [233, 165]
36 [36, 240]
36 [94, 104]
36 [112, 0]
36 [170, 101]
36 [69, 48]
36 [26, 69]
36 [6, 50]
36 [3, 74]
36 [124, 25]
36 [163, 153]
36 [107, 72]
36 [20, 17]
36 [71, 17]
36 [35, 2]
36 [223, 108]
36 [219, 246]
36 [214, 55]
36 [161, 141]
36 [180, 129]
36 [11, 2]
36 [7, 18]
36 [110, 197]
36 [17, 204]
36 [196, 28]
36 [203, 166]
36 [4, 226]
36 [220, 23]
36 [91, 59]
36 [249, 193]
36 [73, 125]
36 [102, 133]
36 [4, 96]
36 [20, 18]
36 [17, 10]
36 [8, 117]
36 [80, 240]
36 [237, 18]
36 [131, 108]
36 [30, 226]
36 [29, 222]
36 [40, 70]
36 [52, 179]
36 [1, 53]
36 [87, 22]
36 [156, 100]
36 [88, 227]
36 [159, 12]
36 [195, 236]
36 [202, 252]
36 [78, 212]
36 [238, 0]
36 [86, 224]
36 [123, 211]
36 [65, 100]
36 [171, 193]
36 [84, 0]
36 [241, 123]
36 [26, 155]
36 [15, 130]
36 [213, 220]
36 [125, 30]
36 [194, 128]
36 [187, 222]
36 [184, 99]
36 [73, 7]
36 [179, 89]
36 [44, 20]
36 [186, 83]
36 [126, 43]
36 [151, 227]
36 [5, 73]
36 [239, 246]
36 [212, 151]
36 [8, 2]
36 [75, 1]
36 [21, 240]
36 [95, 202]
36 [168, 122]
36 [31, 213]
36 [83, 3]
36 [185, 87]
36 [59, 134]
36 [153, 101]
36 [213, 175]
36 [122, 128]
36 [189, 206]
36 [123, 248]
36 [219, 0]
36 [125, 123]
36 [93, 217]
36 [59, 238]
36 [241, 61]
36 [106, 195]
36 [131, 65]
36 [146, 58]
36 [37, 175]
36 [67, 101]
36 [105, 252]
36 [164, 65]
36 [229, 75]
36 [127, 77]
36 [244, 55]
36 [41, 251]
36 [113, 98]
36 [188, 202]
36 [39, 89]
36 [92, 202]
36 [155, 227]
36 [135, 134]
36 [197, 229]
36 [62, 41]
36 [118, 249]
36 [173, 51]
36 [186, 144]
36 [62, 83]
36 [189, 207]
36 [4, 68]
36 [4, 66]
36 [134, 13]
36 [6, 74]
36 [190, 54]
36 [133, 82]
36 [12, 81]
36 [14, 115]
36 [46, 147]
36 [10, 79]
36 [152, 111]
36 [62, 74]
36 [166, 6]
36 [207, 99]
36 [16, 25]
36 [206, 150]
36 [31, 254]
36 [132, 93]
36 [0, 254]
36 [108, 121]
36 [0, 174]
36 [160, 118]
36 [19, 110]
36 [240, 247]
36 [233, 209]
36 [177, 152]
36 [172, 110]
36 [97, 151]
36 [243, 127]
36 [153, 153]
36 [186, 29]
36 [4, 239]
36 [220, 184]
36 [67, 208]
36 [30, 91]
36 [78, 245]
36 [31, 18]
36 [177, 78]
36 [186, 152]
36 [97, 79]
36 [76, 157]
36 [20, 71]
36 [63, 19]
36 [38, 139]
36 [80, 220]
36 [236, 4]
36 [134, 26]
36 [137, 96]
36 [208, 137]
36 [228, 174]
36 [58, 182]
36 [53, 114]
36 [5, 195]
36 [74, 131]
36 [64, 237]
36 [244, 159]
36 [172, 213]
36 [8, 162]
36 [30, 40]
36 [104, 194]
36 [146, 234]
36 [173, 165]
36 [66, 2]
36 [214, 254]
36 [237, 4]
36 [104, 125]
36 [108, 55]
36 [130, 101]
36 [146, 181]
36 [89, 219]
36 [110, 222]
36 [217, 149]
36 [109, 50]
36 [2, 60]
36 [235, 31]
36 [43, 121]
36 [128, 241]
36 [239, 161]
36 [209, 90]
36 [14, 170]
36 [194, 228]
36 [166, 233]
36 [108, 191]
36 [224, 232]
36 [60, 146]
36 [170, 52]
36 [134, 19]
36 [50, 119]
36 [39, 142]
36 [43, 32]
36 [244, 182]
36 [151, 101]
36 [76, 64]
36 [121, 44]
36 [181, 88]
36 [105, 66]
36 [93, 142]
36 [99, 247]
36 [57, 45]
36 [137, 39]
36 [117, 251]
36 [157, 46]
36 [46, 118]
36 [79, 163]
36 [180, 55]
36 [28, 113]
36 [144, 61]
36 [11, 129]
36 [158, 69]
36 [155, 206]
36 [230, 102]
36 [127, 61]
36 [247, 190]
36 [254, 254]
36 [159, 49]
36 [83, 112]
36 [13, 75]
36 [73, 203]
36 [219, 117]
36 [156, 253]
36 [109, 113]
36 [142, 40]
36 [76, 155]
36 [151, 57]
36 [190, 88]
36 [126, 215]
36 [128, 82]
36 [219, 117]
36 [97, 3]
36 [238, 147]
36 [60, 238]
36 [187, 42]
36 [57, 44]
36 [175, 70]
36 [4, 214]
36 [143, 132]
36 [189, 155]
36 [163, 100]
36 [18, 88]
36 [192, 245]
36 [222, 34]
36 [34, 217]
36 [218, 108]
36 [13, 65]
36 [117, 139]
36 [213, 136]
36 [8, 16]
36 [4, 164]
36 [121, 121]
36 [60, 91]
36 [53, 110]
36 [75, 41]
36 [54, 3]
36 [64, 60]
36 [149, 132]
36 [219, 198]
36 [153, 153]
36 [99, 152]
36 [167, 230]
36 [146, 46]
36 [215, 0]
36 [77, 61]
36 [0, 150]
36 [4, 205]
36 [153, 202]
36 [147, 234]
36 [192, 112]
36 [155, 186]
36 [248, 147]
36 [81, 179]
36 [65, 171]
36 [240, 93]
36 [153, 128]
36 [100, 191]
36 [112, 180]
36 [62, 49]
36 [76, 247]
36 [232, 91]
36 [99, 193]
36 [53, 138]
36 [161, 211]
36 [94, 49]
