36 [41, 250]
36 [78, 62]
36 [226, 78]
36 [134, 243]
36 [172, 185]
36 [244, 232]
36 [187, 248]
36 [59, 125]
36 [188, 13]
36 [167, 178]
36 [111, 163]
36 [193, 151]
36 [87, 229]
36 [219, 114]
36 [74, 162]
36 [44, 119]
36 [169, 132]
36 [44, 203]
36 [104, 40]
36 [87, 170]
36 [72, 132]
36 [190, 135]
36 [146, 32]
36 [144, 88]
36 [120, 132]
36 [203, 198]
36 [18, 174]
36 [34, 25]
36 [175, 123]
36 [242, 204]
36 [234, 0]
36 [52, 0]
36 [183, 99]
36 [67, 63]
36 [98, 74]
36 [143, 0]
36 [152, 200]
36 [64, 2]
36 [36, 175]
36 [236, 162]
36 [230, 48]
36 [155, 239]
36 [209, 223]
36 [193, 31]
36 [220, 5]
36 [251, 14]
36 [111, 81]
36 [30, 45]
36 [21, 223]
36 [46, 97]
36 [215, 110]
36 [49, 199]
36 [250, 215]
36 [17, 27]
36 [138, 203]
36 [149, 75]
36 [25, 127]
36 [78, 36]
36 [71, 241]
36 [229, 222]
36 [157, 72]
36 [65, 40]
36 [101, 104]
36 [123, 119]
36 [109, 212]
36 [7, 72]
36 [100, 10]
36 [172, 208]
36 [33, 109]
36 [106, 188]
36 [74, 149]
36 [60, 91]
36 [18, 120]
36 [233, 129]
36 [227, 162]
36 [186, 182]
36 [243, 38]
36 [154, 77]
36 [151, 164]
36 [155, 31]
36 [244, 49]
36 [87, 64]
36 [189, 217]
36 [198, 222]
36 [239, 26]
36 [121, 9]
36 [130, 119]
36 [14, 92]
36 [195, 45]
36 [250, 76]
36 [33, 179]
36 [111, 54]
36 [199, 237]
36 [135, 1]
36 [116, 180]
36 [221, 119]
36 [32, 208]
36 [20, 143]
36 [137, 32]
36 [162, 67]
36 [151, 248]
36 [86, 116]
36 [209, 144]
36 [185, 103]
36 [65, 151]
36 [189, 56]
36 [45, 58]
36 [122, 238]
36 [143, 77]
36 [225, 162]
36 [0, 110]
36 [243, 54]
36 [46, 95]
36 [237, 240]
36 [242, 120]
36 [0, 218]
36 [129, 58]
36 [168, 99]
36 [100, 180]
36 [106, 30]
36 [165, 149]
36 [140, 236]
36 [79, 185]
36 [16, 2]
36 [76, 140]
36 [51, 60]
36 [192, 143]
36 [81, 130]
36 [90, 225]
36 [99, 98]
36 [136, 179]
36 [182, 189]
36 [16, 5]
36 [125, 200]
36 [110, 56]
36 [163, 9]
36 [216, 189]
36 [5, 167]
36 [202, 74]
36 [151, 45]
36 [90, 149]
36 [194, 14]
36 [131, 81]
36 [58, 223]
36 [136, 25]
36 [158, 30]
36 [55, 22]
36 [89, 67]
36 [72, 192]
36 [45, 180]
36 [129, 169]
36 [199, 116]
36 [250, 90]
36 [246, 167]
36 [37, 41]
36 [176, 235]
36 [30, 34]
36 [152, 248]
36 [11, 130]
36 [158, 70]
36 [142, 136]
36 [208, 84]
36 [243, 118]
36 [30, 45]
36 [175, 130]
36 [19, 227]
36 [67, 172]
36 [14, 115]
36 [125, 119]
36 [64, 45]
36 [34, 138]
36 [206, 100]
36 [126, 230]
36 [210, 95]
36 [186, 166]
36 [212, 92]
36 [123, 47]
36 [183, 14]
36 [59, 238]
36 [111, 228]
36 [206, 198]
36 [243, 79]
36 [232, 192]
36 [30, 87]
36 [128, 52]
36 [182, 38]
36 [1, 116]
36 [130, 130]
36 [201, 79]
36 [104, 43]
36 [248, 124]
36 [150, 35]
36 [219, 227]
36 [254, 161]
36 [102, 2]
36 [94, 191]
36 [28, 99]
36 [214, 228]
36 [7, 217]
36 [127, 155]
36 [31, 216]
36 [68, 243]
36 [172, 135]
36 [169, 173]
36 [107, 161]
36 [19, 84]
36 [39, 39]
36 [17, 249]
36 [61, 186]
36 [14, 171]
36 [100, 169]
36 [66, 70]
36 [86, 75]
36 [183, 230]
36 [172, 71]
36 [166, 151]
36 [112, 4]
36 [190, 85]
36 [23, 221]
36 [121, 57]
36 [75, 241]
36 [115, 139]
36 [159, 129]
36 [204, 221]
36 [12, 40]
36 [172, 242]
36 [131, 173]
36 [177, 148]
36 [131, 38]
36 [202, 177]
36 [234, 205]
36 [232, 179]
36 [21, 97]
36 [148, 33]
36 [100, 144]
36 [51, 4]
36 [155, 202]
36 [34, 71]
36 [134, 145]
36 [222, 247]
36 [208, 210]
36 [149, 116]
36 [221, 88]
36 [87, 107]
36 [173, 187]
36 [202, 237]
36 [99, 162]
36 [66, 184]
36 [169, 24]
36 [142, 26]
36 [234, 92]
36 [193, 182]
36 [101, 121]
36 [250, 228]
36 [72, 13]
36 [154, 79]
36 [225, 161]
36 [249, 202]
36 [75, 165]
36 [185, 18]
36 [45, 96]
36 [116, 158]
36 [87, 31]
36 [80, 181]
36 [29, 196]
36 [103, 31]
36 [9, 241]
36 [52, 48]
36 [48, 226]
36 [6, 181]
36 [117, 156]
36 [86, 68]
36 [28, 162]
36 [201, 149]
36 [11, 60]
36 [106, 111]
36 [168, 198]
36 [43, 250]
36 [81, 28]
36 [36, 52]
36 [70, 131]
36 [228, 0]
36 [228, 50]
36 [77, 21]
36 [144, 223]
36 [33, 181]
36 [211, 46]
36 [180, 155]
36 [33, 129]
36 [50, 237]
36 [94, 69]
36 [93, 17]
36 [195, 196]
36 [126, 79]
36 [136, 203]
36 [103, 106]
36 [183, 253]
36 [5, 210]
36 [40, 204]
36 [137, 184]
36 [70, 177]
36 [120, 45]
36 [244, 227]
36 [132, 81]
36 [225, 216]
36 [155, 146]
36 [34, 201]
36 [186, 194]
36 [165, 102]
36 [162, 78]
36 [108, 169]
36 [133, 61]
36 [88, 14]
36 [70, 75]
36 [3, 173]
36 [143, 79]
36 [177, 207]
36 [92, 199]
36 [211, 51]
36 [22, 47]
36 [192, 9]
36 [154, 83]
36 [167, 188]
36 [243, 186]
36 [238, 223]
36 [194, 51]
36 [232, 234]
36 [74, 18]
36 [169, 224]
36 [154, 248]
36 [203, 193]
36 [103, 41]
36 [42, 254]
36 [115, 111]
36 [147, 77]
36 [205, 18]
36 [168, 129]
36 [183, 254]
36 [12, 54]
36 [93, 136]
36 [176, 135]
36 [214, 239]
36 [11, 4]
36 [32, 62]
36 [198, 214]
36 [233, 147]
36 [80, 60]
36 [43, 57]
36 [221, 29]
36 [243, 62]
36 [14, 193]
36 [209, 151]
36 [125, 248]
36 [184, 187]
36 [69, 219]
36 [167, 250]
36 [75, 216]
36 [234, 240]
36 [155, 158]
36 [238, 7]
36 [214, 144]
36 [131, 195]
36 [198, 218]
36 [80, 118]
36 [96, 197]
36 [114, 203]
36 [195, 2]
36 [53, 221]
36 [225, 52]
36 [158, 151]
36 [208, 41]
36 [156, 32]
36 [54, 251]
36 [113, 90]
36 [162, 53]
36 [130, 18]
36 [80, 177]
36 [20, 50]
36 [50, 99]
36 [196, 227]
36 [227, 99]
36 [148, 27]
36 [147, 200]
36 [244, 94]
36 [60, 112]
36 [136, 253]
36 [230, 132]
36 [43, 20]
36 [121, 58]
36 [49, 218]
36 [191, 180]
36 [194, 5]
36 [24, 98]
36 [31, 20]
36 [19, 197]
36 [65, 189]
36 [18, 34]
36 [166, 158]
36 [33, 241]
36 [7, 109]
36 [234, 60]
36 [55, 95]
36 [245, 39]
36 [71, 156]
36 [13, 76]
36 [74, 159]
36 [91, 85]
36 [122, 29]
36 [39, 176]
36 [178, 212]
36 [109, 50]
36 [226, 152]
36 [232, 175]
36 [178, 169]
36 [253, 163]
36 [127, 206]
36 [9, 183]
36 [177, 119]
36 [193, 236]
36 [146, 117]
36 [22, 250]
36 [100, 254]
36 [12, 207]
36 [153, 159]
36 [233, 103]
36 [154, 236]
36 [2, 213]
36 [13, 135]
36 [3, 210]
36 [38, 58]
36 [45, 71]
36 [205, 109]
36 [117, 177]
36 [95, 218]
36 [217, 41]
36 [170, 180]
36 [73, 52]
36 [70, 81]
36 [231, 10]
36 [249, 7]
36 [6, 77]
36 [210, 0]
36 [126, 70]
36 [0, 80]
36 [222, 31]
36 [72, 111]
36 [20, 254]
36 [82, 222]
36 [100, 51]
36 [87, 155]
36 [63, 134]
36 [74, 254]
36 [1, 188]
36 [128, 146]
36 [177, 248]
36 [141, 180]
36 [241, 161]
36 [135, 71]
36 [223, 161]
36 [181, 186]
36 [118, 31]
36 [235, 81]
36 [121, 126]
36 [85, 10]
36 [19, 189]
36 [37, 5]
36 [219, 58]
36 [37, 0]
36 [78, 122]
36 [85, 228]
36 [63, 178]
36 [123, 142]
36 [206, 29]
36 [133, 45]
36 [237, 156]
36 [169, 249]
36 [253, 181]
36 [80, 93]
36 [219, 101]
36 [167, 37]
36 [174, 54]
36 [197, 223]
36 [55, 235]
36 [59, 201]
36 [101, 64]
36 [160, 63]
36 [190, 120]
36 [2, 142]
36 [154, 216]
36 [132, 30]
36 [40, 201]
36 [32, 199]
36 [123, 139]
36 [175, 174]
36 [111, 191]
36 [36, 27]
36 [54, 233]
36 [116, 209]
36 [50, 107]
36 [148, 59]
36 [92, 74]
36 [128, 148]
36 [212, 140]
36 [253, 6]
36 [88, 57]
36 [213, 92]
36 [164, 153]
36 [121, 11]
36 [90, 117]
36 [50, 81]
36 [67, 134]
36 [128, 32]
36 [19, 230]
36 [78, 214]
36 [94, 155]
36 [250, 35]
36 [227, 100]
36 [145, 115]
36 [39, 234]
36 [213, 113]
36 [172, 189]
36 [216, 184]
36 [183, 58]
36 [56, 150]
36 [151, 131]
36 [140, 30]
36 [236, 136]
36 [148, 4]
36 [194, 93]
36 [228, 21]
36 [98, 144]
36 [31, 204]
36 [78, 21]
36 [139, 183]
36 [218, 151]
36 [250, 29]
36 [168, 171]
36 [55, 176]
36 [50, 22]
36 [194, 70]
36 [214, 37]
36 [76, 113]
36 [147, 6]
36 [222, 244]
36 [117, 221]
36 [18, 250]
36 [4, 152]
36 [209, 108]
36 [148, 208]
36 [89, 158]
36 [28, 137]
36 [81, 63]
36 [55, 147]
36 [126, 246]
36 [14, 42]
36 [232, 104]
36 [180, 227]
36 [33, 1]
36 [230, 109]
36 [127, 51]
36 [182, 171]
36 [160, 219]
36 [106, 150]
36 [126, 10]
36 [78, 47]
36 [88, 112]
36 [159, 32]
36 [84, 124]
36 [132, 6]
36 [62, 149]
36 [50, 181]
36 [51, 202]
36 [226, 91]
36 [95, 131]
36 [248, 25]
36 [242, 152]
36 [170, 51]
36 [78, 60]
36 [133, 89]
36 [85, 102]
36 [160, 37]
36 [91, 133]
36 [161, 136]
36 [197, 75]
36 [74, 11]
36 [194, 184]
36 [182, 54]
36 [165, 27]
36 [48, 234]
36 [33, 238]
36 [239, 152]
36 [218, 106]
36 [72, 217]
36 [217, 46]
36 [145, 13]
36 [149, 226]
36 [31, 134]
36 [7, 30]
36 [83, 164]
36 [181, 54]
36 [180, 199]
36 [79, 157]
36 [96, 112]
36 [221, 125]
36 [231, 212]
36 [199, 39]
36 [121, 175]
36 [252, 118]
36 [93, 126]
36 [4, 22]
36 [219, 175]
36 [177, 124]
36 [138, 81]
36 [22, 94]
36 [120, 127]
36 [197, 79]
36 [135, 53]
36 [122, 65]
36 [107, 43]
36 [60, 242]
36 [11, 182]
36 [59, 125]
36 [132, 152]
36 [10, 55]
36 [198, 166]
36 [113, 244]
36 [102, 34]
36 [117, 124]
36 [123, 59]
36 [111, 167]
36 [239, 71]
36 [188, 120]
36 [159, 174]
36 [14, 207]
36 [34, 73]
36 [124, 73]
36 [123, 250]
36 [252, 221]
36 [241, 139]
36 [181, 44]
36 [129, 8]
36 [140, 195]
36 [193, 176]
36 [193, 191]
36 [176, 238]
36 [216, 148]
36 [15, 61]
36 [78, 158]
36 [210, 100]
36 [34, 136]
36 [48, 240]
36 [94, 128]
36 [146, 227]
36 [29, 226]
36 [128, 33]
36 [12, 201]
36 [214, 76]
36 [228, 200]
36 [126, 10]
36 [120, 159]
36 [61, 53]
36 [237, 115]
36 [56, 224]
36 [182, 214]
36 [238, 118]
36 [89, 225]
36 [21, 8]
36 [242, 207]
36 [18, 190]
36 [161, 186]
36 [106, 48]
36 [41, 91]
36 [151, 59]
36 [222, 241]
36 [186, 103]
36 [192, 216]
36 [214, 115]
36 [178, 92]
36 [75, 6]
36 [215, 174]
36 [105, 219]
36 [141, 142]
36 [224, 79]
36 [76, 68]
36 [144, 213]
36 [31, 182]
36 [104, 187]
36 [124, 227]
36 [45, 5]
36 [124, 172]
36 [96, 32]
36 [230, 24]
36 [130, 218]
36 [248, 159]
36 [91, 242]
36 [35, 139]
36 [145, 185]
36 [202, 5]
36 [55, 87]
36 [246, 60]
36 [79, 78]
36 [209, 184]
36 [243, 4]
36 [131, 199]
36 [117, 66]
36 [137, 151]
36 [65, 47]
36 [74, 187]
36 [93, 88]
36 [222, 138]
36 [119, 245]
36 [204, 28]
36 [113, 108]
36 [222, 239]
36 [196, 136]
36 [180, 252]
36 [56, 57]
36 [240, 74]
36 [52, 175]
36 [240, 199]
36 [14, 112]
36 [74, 55]
36 [85, 123]
36 [213, 151]
36 [238, 216]
36 [250, 34]
36 [14, 165]
36 [161, 21]
36 [73, 26]
36 [37, 233]
36 [3, 91]
36 [132, 137]
36 [116, 176]
36 [149, 165]
36 [67, 202]
36 [183, 137]
36 [101, 210]
36 [126, 56]
36 [179, 192]
36 [141, 194]
36 [8, 196]
36 [107, 157]
36 [44, 58]
36 [179, 187]
36 [243, 223]
36 [193, 176]
36 [77, 126]
36 [189, 45]
36 [3, 209]
36 [41, 207]
36 [226, 6]
36 [215, 45]
36 [221, 180]
36 [92, 113]
36 [156, 8]
36 [65, 54]
36 [143, 166]
36 [112, 169]
36 [180, 138]
36 [3, 92]
36 [110, 213]
36 [178, 149]
36 [43, 241]
36 [55, 166]
36 [115, 123]
36 [134, 28]
36 [147, 224]
36 [68, 31]
36 [4, 181]
36 [29, 128]
36 [93, 46]
36 [32, 229]
36 [58, 9]
36 [162, 78]
36 [30, 158]
36 [182, 222]
36 [243, 150]
36 [246, 95]
36 [220, 107]
36 [46, 219]
36 [49, 214]
36 [80, 243]
36 [206, 109]
36 [118, 54]
36 [188, 140]
36 [106, 120]
36 [121, 245]
36 [172, 61]
36 [125, 246]
36 [29, 36]
36 [243, 242]
36 [232, 102]
36 [67, 84]
36 [67, 144]
36 [238, 186]
36 [226, 52]
36 [157, 159]
36 [248, 109]
36 [123, 204]
36 [25, 153]
36 [77, 134]
36 [110, 49]
36 [4, 111]
36 [73, 11]
36 [253, 74]
36 [48, 40]
36 [131, 35]
36 [251, 213]
36 [230, 160]
36 [236, 185]
36 [62, 205]
36 [45, 146]
36 [247, 34]
36 [153, 12]
36 [163, 205]
36 [83, 19]
36 [39, 177]
36 [58, 1]
36 [129, 206]
36 [27, 41]
36 [196, 16]
36 [167, 52]
36 [216, 229]
36 [168, 98]
36 [17, 73]
36 [197, 68]
36 [252, 88]
36 [135, 74]
36 [223, 195]
36 [235, 23]
36 [198, 133]
36 [115, 167]
36 [189, 239]
36 [220, 239]
36 [175, 57]
36 [108, 170]
36 [201, 218]
36 [218, 168]
36 [35, 21]
36 [136, 218]
36 [97, 99]
36 [160, 67]
36 [34, 235]
36 [94, 174]
36 [91, 165]
36 [116, 118]
36 [87, 183]
36 [191, 65]
36 [183, 29]
36 [111, 74]
36 [162, 226]
36 [204, 66]
36 [248, 48]
36 [238, 28]
36 [137, 85]
36 [115, 144]
36 [11, 198]
36 [56, 60]
36 [80, 89]
36 [151, 227]
36 [134, 117]
36 [246, 51]
36 [18, 177]
36 [31, 208]
36 [92, 143]
36 [193, 174]
36 [104, 89]
36 [92, 168]
36 [62, 82]
36 [180, 131]
36 [47, 97]
36 [159, 216]
36 [108, 59]
36 [162, 174]
36 [212, 164]
36 [100, 92]
36 [59, 141]
36 [135, 155]
36 [242, 114]
36 [35, 151]
36 [212, 198]
36 [139, 253]
36 [163, 76]
36 [217, 48]
36 [127, 114]
36 [96, 136]
36 [140, 0]
36 [101, 25]
36 [20, 39]
36 [67, 100]
36 [251, 35]
36 [126, 162]
36 [188, 109]
36 [186, 253]
36 [168, 123]
36 [127, 91]
36 [74, 126]
36 [237, 109]
36 [135, 115]
36 [161, 41]
36 [165, 123]
36 [190, 169]
36 [96, 125]
36 [64, 88]
36 [173, 157]
36 [12, 103]
36 [50, 50]
36 [118, 150]
36 [186, 1]
36 [32, 146]
36 [47, 78]
36 [211, 79]
36 [196, 147]
36 [56, 184]
36 [171, 5]
36 [142, 151]
36 [90, 5]
36 [226, 1]
36 [185, 221]
36 [9, 102]
36 [62, 17]
36 [17, 132]
36 [187, 142]
36 [73, 180]
36 [16, 251]
36 [26, 222]
36 [159, 55]
36 [156, 56]
36 [254, 232]
36 [103, 103]
36 [106, 106]
36 [33, 161]
36 [160, 234]
36 [80, 70]
36 [149, 214]
36 [73, 24]
36 [152, 251]
36 [126, 246]
36 [38, 0]
36 [172, 178]
36 [217, 190]
36 [4, 225]
36 [210, 102]
36 [161, 5]
36 [72, 162]
36 [29, 171]
36 [195, 93]
36 [136, 230]
36 [26, 246]
36 [240, 142]
36 [105, 9]
36 [157, 195]
36 [134, 225]
36 [188, 148]
36 [23, 138]
36 [24, 244]
36 [228, 100]
36 [112, 126]
36 [208, 179]
36 [164, 230]
36 [217, 187]
36 [8, 119]
36 [134, 184]
36 [23, 157]
36 [119, 150]
36 [87, 7]
36 [150, 171]
36 [43, 239]
36 [226, 37]
36 [77, 234]
36 [203, 219]
36 [40, 1]
36 [48, 47]
36 [29, 78]
36 [78, 99]
36 [91, 98]
36 [122, 241]
36 [194, 238]
36 [246, 214]
36 [248, 210]
36 [192, 59]
36 [210, 200]
36 [210, 129]
36 [130, 141]
36 [246, 243]
36 [165, 185]
36 [195, 231]
36 [134, 124]
36 [103, 54]
36 [212, 111]
36 [31, 100]
36 [104, 11]
36 [53, 116]
36 [230, 169]
36 [218, 96]
36 [232, 115]
36 [75, 120]
36 [115, 96]
36 [1, 217]
36 [78, 16]
36 [147, 235]
36 [110, 251]
36 [28, 77]
36 [176, 67]
36 [225, 42]
36 [160, 126]
36 [82, 204]
36 [112, 72]
36 [224, 131]
36 [185, 177]
36 [57, 6]
36 [76, 93]
36 [103, 228]
36 [91, 19]
36 [182, 160]
36 [20, 69]
36 [2, 253]
36 [43, 134]
36 [105, 250]
36 [234, 4]
36 [223, 226]
36 [55, 60]
36 [247, 144]
36 [97, 160]
36 [140, 76]
36 [104, 25]
36 [113, 253]
36 [91, 106]
36 [178, 233]
36 [234, 113]
36 [150, 252]
36 [34, 230]
36 [205, 67]
36 [225, 1]
36 [177, 198]
36 [58, 192]
36 [184, 88]
36 [104, 210]
36 [247, 154]
36 [221, 157]
36 [85, 184]
36 [118, 19]
36 [101, 217]
36 [78, 39]
36 [193, 95]
36 [217, 196]
36 [181, 74]
36 [79, 214]
36 [53, 192]
36 [80, 94]
36 [229, 116]
36 [179, 244]
36 [239, 74]
36 [213, 182]
36 [31, 2]
36 [73, 193]
36 [101, 98]
36 [121, 201]
36 [82, 18]
36 [50, 61]
36 [90, 83]
36 [202, 130]
36 [98, 94]
36 [147, 201]
36 [129, 43]
36 [237, 21]
36 [42, 34]
36 [182, 224]
36 [154, 199]
36 [17, 70]
36 [169, 160]
36 [38, 68]
36 [147, 141]
36 [0, 131]
36 [120, 42]
36 [144, 187]
36 [207, 32]
36 [111, 139]
36 [75, 98]
36 [127, 220]
36 [22, 150]
36 [124, 157]
36 [79, 67]
36 [249, 16]
36 [47, 147]
36 [89, 250]
36 [174, 10]
36 [147, 60]
36 [68, 92]
36 [190, 254]
36 [158, 136]
36 [109, 162]
36 [201, 174]
36 [112, 138]
36 [10, 85]
36 [9, 178]
36 [61, 206]
36 [165, 141]
36 [49, 74]
36 [119, 81]
36 [94, 52]
36 [159, 63]
36 [29, 136]
36 [184, 226]
36 [6, 167]
36 [24, 8]
36 [221, 14]
36 [88, 89]
36 [17, 204]
36 [93, 59]
36 [4, 148]
36 [215, 170]
36 [90, 184]
36 [196, 109]
36 [81, 196]
36 [127, 96]
36 [242, 211]
36 [127, 73]
36 [194, 54]
36 [117, 205]
36 [234, 218]
36 [94, 33]
36 [185, 151]
36 [71, 77]
36 [238, 37]
36 [240, 124]
36 [9, 24]
36 [151, 130]
36 [86, 101]
36 [83, 212]
36 [174, 253]
36 [237, 254]
36 [77, 140]
36 [114, 73]
36 [7, 117]
36 [185, 34]
36 [132, 181]
36 [241, 109]
36 [205, 168]
36 [228, 92]
36 [54, 82]
36 [163, 145]
36 [19, 233]
36 [44, 62]
36 [147, 229]
36 [78, 240]
36 [40, 6]
36 [149, 123]
36 [165, 209]
36 [25, 38]
36 [73, 117]
36 [0, 183]
36 [44, 105]
36 [115, 81]
36 [242, 11]
36 [214, 87]
36 [118, 90]
36 [162, 32]
36 [34, 225]
36 [226, 132]
36 [52, 165]
36 [205, 23]
36 [155, 68]
36 [245, 85]
36 [45, 109]
36 [199, 153]
36 [126, 10]
36 [133, 110]
36 [186, 94]
36 [202, 64]
36 [64, 212]
36 [243, 42]
36 [18, 6]
36 [238, 202]
36 [175, 93]
36 [22, 221]
36 [174, 21]
36 [77, 61]
36 [225, 136]
36 [158, 226]
36 [178, 43]
36 [227, 171]
36 [84, 187]
36 [6, 60]
36 [196, 207]
36 [154, 84]
36 [32, 225]
36 [226, 227]
36 [123, 204]
36 [75, 193]
36 [89, 98]
36 [211, 4]
36 [211, 68]
36 [170, 48]
36 [67, 20]
36 [10, 192]
36 [73, 35]
36 [164, 231]
36 [23, 42]
36 [32, 116]
36 [11, 118]
36 [85, 193]
36 [67, 186]
36 [193, 34]
36 [68, 211]
36 [35, 56]
36 [132, 247]
36 [17, 187]
36 [147, 19]
36 [201, 239]
36 [167, 139]
36 [133, 103]
36 [243, 139]
36 [206, 145]
36 [3, 114]
36 [88, 107]
36 [153, 148]
36 [104, 93]
36 [62, 16]
36 [160, 94]
36 [171, 21]
36 [221, 111]
36 [107, 192]
36 [165, 30]
36 [157, 182]
36 [91, 79]
36 [154, 37]
36 [114, 246]
36 [149, 124]
36 [76, 107]
36 [80, 205]
36 [182, 193]
36 [203, 66]
36 [35, 97]
36 [239, 198]
36 [207, 200]
36 [249, 12]
36 [21, 225]
36 [225, 230]
36 [136, 27]
36 [231, 162]
36 [119, 123]
36 [153, 252]
36 [47, 45]
36 [214, 2]
36 [90, 172]
36 [44, 49]
36 [254, 254]
36 [5, 125]
36 [163, 252]
36 [220, 191]
36 [215, 8]
36 [207, 90]
36 [5, 38]
36 [47, 204]
36 [91, 127]
36 [248, 62]
36 [44, 125]
36 [160, 163]
36 [109, 23]
36 [44, 208]
36 [122, 131]
36 [138, 134]
36 [86, 102]
36 [78, 10]
36 [58, 17]
36 [38, 128]
36 [83, 221]
36 [58, 193]
36 [30, 187]
36 [131, 231]
36 [169, 32]
36 [80, 160]
36 [133, 124]
36 [177, 141]
36 [55, 161]
36 [146, 21]
36 [74, 188]
36 [188, 146]
36 [136, 56]
36 [181, 33]
36 [252, 126]
36 [74, 104]
36 [128, 47]
36 [90, 41]
36 [104, 218]
36 [79, 112]
36 [2, 234]
36 [146, 137]
36 [75, 27]
36 [168, 235]
36 [222, 37]
36 [182, 172]
36 [134, 87]
36 [211, 189]
36 [241, 121]
36 [108, 137]
36 [81, 100]
36 [38, 75]
36 [145, 209]
36 [103, 17]
36 [227, 171]
36 [196, 168]
36 [72, 57]
36 [34, 120]
36 [2, 141]
36 [132, 168]
36 [55, 59]
36 [104, 61]
36 [15, 10]
36 [145, 137]
36 [238, 141]
36 [148, 231]
36 [12, 176]
36 [213, 88]
36 [34, 213]
36 [46, 156]
36 [85, 234]
36 [208, 246]
36 [169, 13]
36 [103, 79]
36 [166, 16]
36 [123, 129]
36 [148, 20]
36 [112, 92]
36 [118, 24]
36 [228, 128]
36 [41, 66]
36 [218, 199]
36 [155, 17]
36 [142, 20]
36 [46, 64]
36 [39, 139]
36 [141, 226]
36 [197, 90]
36 [89, 156]
36 [188, 150]
36 [27, 163]
36 [145, 186]
36 [24, 216]
36 [130, 56]
36 [3, 230]
36 [254, 99]
36 [190, 137]
36 [246, 188]
36 [38, 48]
36 [205, 30]
36 [219, 132]
36 [174, 109]
36 [55, 31]
36 [119, 190]
36 [65, 112]
36 [117, 244]
36 [88, 177]
36 [21, 251]
36 [43, 115]
36 [249, 19]
36 [8, 45]
36 [235, 44]
36 [203, 215]
36 [222, 110]
36 [156, 215]
36 [235, 214]
36 [96, 205]
36 [36, 188]
36 [93, 21]
36 [58, 217]
36 [113, 157]
36 [97, 10]
36 [179, 197]
36 [63, 178]
36 [4, 116]
36 [73, 97]
36 [244, 57]
36 [25, 19]
36 [242, 112]
36 [225, 223]
36 [123, 143]
36 [196, 146]
36 [58, 254]
36 [196, 158]
36 [19, 128]
36 [72, 189]
36 [124, 145]
36 [2, 197]
36 [68, 47]
36 [103, 32]
36 [206, 68]
36 [57, 140]
36 [235, 68]
36 [155, 76]
36 [69, 182]
36 [30, 136]
36 [163, 236]
36 [193, 173]
36 [85, 153]
36 [219, 108]
36 [191, 248]
36 [15, 54]
36 [206, 208]
36 [89, 5]
36 [130, 94]
36 [77, 228]
36 [69, 59]
36 [61, 89]
36 [226, 5]
36 [203, 252]
36 [5, 19]
36 [166, 218]
36 [33, 13]
36 [238, 93]
36 [90, 153]
36 [133, 41]
36 [111, 236]
36 [245, 164]
36 [122, 29]
36 [86, 104]
36 [96, 217]
36 [239, 227]
36 [222, 208]
36 [87, 80]
36 [123, 120]
36 [246, 229]
36 [137, 27]
36 [214, 14]
36 [130, 219]
36 [68, 247]
36 [175, 55]
36 [186, 22]
36 [34, 109]
36 [42, 75]
36 [243, 32]
36 [249, 151]
36 [130, 84]
36 [72, 162]
36 [71, 165]
36 [102, 209]
36 [57, 217]
36 [222, 108]
36 [112, 144]
36 [52, 63]
36 [45, 252]
36 [97, 43]
36 [170, 146]
36 [143, 227]
36 [128, 126]
36 [163, 63]
36 [169, 92]
36 [23, 100]
36 [232, 91]
36 [235, 151]
36 [93, 55]
36 [108, 73]
36 [76, 155]
36 [63, 252]
36 [162, 63]
36 [131, 242]
36 [174, 196]
36 [209, 182]
36 [219, 74]
36 [137, 189]
36 [14, 43]
36 [101, 211]
36 [142, 13]
36 [94, 20]
36 [150, 89]
36 [197, 222]
36 [222, 158]
36 [62, 180]
36 [94, 211]
36 [69, 72]
36 [143, 238]
36 [67, 14]
36 [191, 60]
36 [129, 48]
36 [146, 63]
36 [184, 40]
36 [104, 179]
36 [26, 23]
36 [47, 92]
36 [52, 145]
36 [3, 14]
36 [126, 123]
36 [184, 73]
36 [133, 100]
36 [162, 66]
36 [99, 21]
36 [153, 173]
36 [242, 1]
36 [26, 86]
36 [237, 165]
36 [24, 153]
36 [141, 107]
36 [170, 22]
36 [230, 244]
36 [35, 221]
36 [198, 19]
36 [95, 43]
36 [187, 225]
36 [19, 1]
36 [10, 203]
36 [93, 113]
36 [206, 105]
36 [26, 244]
36 [67, 89]
36 [152, 186]
36 [56, 154]
36 [239, 123]
36 [117, 94]
36 [17, 208]
36 [171, 67]
36 [112, 145]
36 [146, 12]
36 [97, 110]
36 [45, 18]
36 [115, 196]
36 [187, 160]
36 [211, 5]
36 [9, 65]
36 [175, 202]
36 [77, 224]
36 [37, 42]
36 [136, 141]
36 [130, 77]
36 [81, 0]
36 [84, 5]
36 [164, 92]
36 [64, 232]
36 [86, 67]
36 [191, 230]
36 [44, 230]
36 [124, 89]
36 [161, 160]
36 [48, 74]
36 [106, 61]
36 [232, 145]
36 [254, 101]
36 [215, 84]
36 [1, 130]
36 [213, 105]
36 [6, 56]
36 [51, 0]
36 [210, 230]
36 [110, 75]
36 [201, 8]
36 [25, 149]
36 [16, 208]
36 [0, 204]
36 [182, 163]
36 [180, 132]
36 [106, 217]
36 [175, 250]
36 [190, 136]
36 [60, 78]
36 [28, 102]
36 [113, 254]
36 [199, 58]
36 [170, 11]
36 [163, 2]
36 [30, 58]
36 [125, 162]
36 [133, 185]
36 [72, 80]
36 [38, 187]
36 [39, 61]
36 [107, 241]
36 [66, 132]
36 [14, 116]
36 [5, 36]
36 [50, 44]
36 [30, 135]
36 [101, 75]
36 [178, 213]
36 [156, 52]
36 [199, 8]
36 [248, 70]
36 [155, 101]
36 [147, 2]
36 [54, 53]
36 [105, 213]
36 [248, 235]
36 [176, 166]
36 [134, 235]
36 [68, 18]
36 [56, 77]
36 [135, 243]
36 [10, 133]
36 [187, 80]
36 [234, 128]
36 [187, 126]
36 [4, 180]
36 [169, 7]
36 [117, 241]
36 [136, 166]
36 [248, 183]
36 [107, 235]
36 [150, 30]
36 [196, 82]
36 [49, 34]
36 [234, 247]
36 [145, 57]
36 [168, 118]
36 [129, 249]
36 [86, 248]
36 [229, 226]
36 [189, 147]
36 [46, 61]
36 [21, 230]
36 [33, 82]
36 [156, 246]
36 [123, 136]
36 [185, 88]
36 [13, 65]
36 [29, 184]
36 [66, 27]
36 [113, 42]
36 [125, 12]
36 [9, 135]
36 [204, 121]
36 [232, 110]
36 [230, 41]
36 [120, 158]
36 [206, 46]
36 [80, 6]
36 [173, 17]
36 [3, 218]
36 [122, 204]
36 [199, 203]
36 [127, 246]
36 [236, 107]
36 [5, 119]
36 [155, 245]
36 [115, 152]
36 [37, 226]
36 [34, 104]
36 [234, 106]
36 [220, 184]
36 [162, 94]
36 [43, 173]
36 [97, 95]
36 [193, 181]
36 [167, 170]
36 [111, 19]
36 [126, 9]
36 [5, 18]
36 [159, 79]
36 [254, 70]
36 [81, 114]
36 [72, 93]
36 [114, 157]
36 [252, 162]
36 [157, 80]
36 [162, 43]
36 [119, 152]
36 [242, 95]
36 [233, 159]
36 [148, 126]
36 [221, 224]
36 [155, 234]
36 [193, 142]
36 [154, 221]
36 [38, 168]
36 [173, 15]
36 [33, 44]
36 [170, 134]
36 [139, 155]
36 [47, 107]
36 [111, 150]
36 [226, 78]
36 [35, 182]
36 [184, 113]
36 [123, 160]
36 [91, 104]
36 [252, 1]
36 [158, 146]
36 [29, 44]
36 [113, 109]
36 [184, 194]
36 [155, 222]
36 [179, 210]
36 [88, 226]
36 [178, 45]
36 [188, 193]
36 [131, 44]
36 [182, 50]
36 [236, 65]
36 [197, 250]
36 [134, 92]
36 [54, 78]
36 [12, 92]
36 [77, 181]
36 [58, 120]
36 [241, 222]
36 [65, 25]
36 [231, 105]
36 [79, 91]
36 [216, 165]
36 [205, 184]
36 [1, 78]
36 [186, 201]
36 [11, 249]
36 [181, 222]
36 [98, 176]
36 [110, 223]
36 [173, 59]
36 [1, 132]
36 [121, 62]
36 [78, 126]
36 [193, 170]
36 [135, 150]
36 [119, 148]
36 [42, 230]
36 [122, 10]
36 [50, 23]
36 [87, 89]
36 [176, 207]
36 [247, 163]
36 [14, 110]
36 [207, 207]
36 [215, 14]
36 [126, 105]
36 [108, 80]
36 [15, 69]
36 [128, 31]
36 [163, 202]
36 [106, 186]
36 [49, 49]
36 [189, 13]
36 [59, 122]
36 [204, 187]
36 [76, 22]
36 [139, 131]
36 [227, 131]
36 [170, 209]
36 [168, 222]
36 [80, 35]
36 [19, 56]
36 [39, 119]
36 [188, 70]
36 [103, 107]
36 [202, 62]
36 [30, 253]
36 [42, 171]
36 [251, 146]
36 [102, 131]
36 [243, 204]
36 [114, 182]
36 [244, 30]
36 [48, 162]
36 [239, 64]
36 [142, 177]
36 [198, 233]
36 [220, 16]
36 [254, 76]
36 [235, 211]
36 [17, 88]
36 [29, 190]
36 [22, 79]
36 [4, 51]
36 [106, 250]
36 [195, 175]
36 [176, 250]
36 [75, 133]
36 [93, 22]
36 [239, 122]
36 [94, 101]
36 [228, 245]
36 [78, 212]
36 [183, 239]
36 [254, 50]
36 [229, 144]
36 [187, 113]
36 [93, 156]
36 [118, 53]
36 [119, 56]
36 [113, 159]
36 [185, 36]
36 [219, 5]
36 [250, 166]
36 [218, 92]
36 [182, 198]
36 [115, 13]
36 [11, 11]
36 [183, 10]
36 [15, 50]
36 [0, 198]
36 [106, 65]
36 [104, 140]
36 [95, 95]
36 [62, 77]
36 [111, 142]
36 [91, 196]
36 [12, 99]
36 [205, 13]
36 [143, 244]
36 [205, 217]
36 [164, 86]
36 [108, 132]
36 [228, 222]
36 [173, 127]
36 [254, 196]
36 [199, 102]
36 [184, 51]
36 [224, 222]
36 [67, 190]
36 [235, 247]
36 [205, 38]
36 [246, 48]
36 [98, 99]
36 [55, 74]
36 [74, 135]
36 [17, 211]
36 [212, 167]
36 [162, 223]
36 [229, 163]
36 [71, 132]
36 [97, 19]
36 [97, 194]
36 [78, 183]
36 [87, 47]
36 [219, 59]
36 [122, 47]
36 [126, 239]
36 [117, 98]
36 [38, 59]
36 [161, 71]
36 [254, 73]
36 [230, 134]
36 [137, 122]
36 [12, 78]
36 [47, 237]
36 [12, 84]
36 [190, 228]
36 [91, 87]
36 [125, 181]
36 [91, 76]
36 [83, 56]
36 [50, 150]
36 [138, 209]
36 [184, 141]
36 [72, 21]
36 [66, 193]
36 [91, 167]
36 [224, 227]
36 [112, 175]
36 [139, 21]
36 [12, 199]
36 [250, 74]
36 [106, 176]
36 [131, 115]
36 [216, 54]
36 [139, 102]
36 [203, 241]
36 [1, 236]
36 [170, 196]
36 [175, 147]
36 [33, 16]
36 [77, 68]
36 [146, 166]
36 [144, 165]
36 [249, 217]
36 [19, 111]
36 [219, 235]
36 [197, 75]
36 [68, 200]
36 [181, 197]
36 [166, 216]
36 [221, 135]
36 [86, 28]
36 [242, 16]
36 [41, 53]
36 [152, 151]
36 [253, 21]
36 [126, 48]
36 [57, 121]
36 [238, 124]
36 [84, 173]
36 [238, 249]
36 [123, 154]
36 [2, 35]
36 [188, 77]
36 [118, 145]
36 [194, 58]
36 [62, 105]
36 [43, 52]
36 [151, 197]
36 [222, 130]
36 [151, 145]
36 [17, 225]
36 [116, 58]
36 [82, 72]
36 [11, 7]
36 [92, 247]
36 [99, 162]
36 [239, 86]
36 [224, 153]
36 [98, 242]
36 [159, 247]
36 [212, 168]
36 [250, 209]
36 [171, 21]
36 [133, 108]
36 [151, 223]
36 [48, 59]
36 [158, 238]
36 [179, 75]
36 [185, 254]
36 [240, 6]
36 [81, 215]
36 [42, 111]
36 [96, 241]
36 [195, 242]
36 [33, 116]
36 [100, 156]
36 [51, 235]
36 [14, 82]
36 [91, 26]
36 [3, 175]
36 [103, 147]
36 [108, 92]
36 [120, 173]
36 [61, 199]
36 [127, 252]
36 [56, 116]
36 [195, 74]
36 [74, 238]
36 [168, 187]
36 [127, 174]
36 [190, 0]
36 [48, 214]
36 [60, 67]
36 [93, 49]
36 [77, 97]
36 [126, 54]
36 [59, 16]
36 [129, 103]
36 [2, 205]
36 [249, 151]
36 [105, 20]
36 [92, 82]
36 [205, 97]
36 [246, 80]
36 [55, 1]
36 [47, 43]
36 [98, 148]
36 [61, 51]
36 [86, 165]
36 [94, 156]
36 [188, 68]
36 [196, 100]
36 [158, 142]
36 [57, 45]
36 [184, 122]
36 [32, 199]
36 [184, 3]
36 [236, 52]
36 [210, 176]
36 [77, 235]
36 [89, 130]
36 [164, 158]
36 [1, 169]
36 [103, 73]
36 [125, 178]
36 [168, 91]
36 [189, 32]
36 [22, 39]
36 [48, 55]
36 [29, 25]
36 [82, 135]
36 [121, 190]
36 [118, 203]
36 [102, 193]
36 [199, 88]
36 [0, 22]
36 [91, 88]
36 [89, 186]
36 [99, 184]
36 [179, 220]
36 [49, 168]
36 [156, 84]
36 [170, 183]
36 [234, 235]
36 [184, 179]
36 [72, 176]
36 [138, 58]
36 [48, 41]
36 [14, 78]
36 [81, 129]
36 [5, 110]
36 [145, 101]
36 [195, 227]
36 [242, 202]
36 [212, 149]
36 [95, 144]
36 [37, 10]
36 [64, 95]
36 [7, 136]
36 [63, 20]
36 [100, 164]
36 [185, 130]
36 [157, 217]
36 [109, 248]
36 [109, 202]
36 [49, 39]
36 [15, 249]
36 [112, 86]
36 [42, 183]
36 [31, 240]
36 [182, 70]
36 [189, 172]
36 [117, 37]
36 [25, 8]
36 [127, 121]
36 [20, 104]
36 [117, 211]
36 [197, 164]
36 [199, 39]
36 [152, 65]
36 [137, 251]
36 [108, 49]
36 [226, 230]
36 [78, 14]
36 [186, 184]
36 [175, 0]
36 [11, 35]
36 [71, 2]
36 [2, 210]
36 [155, 61]
36 [145, 48]
36 [190, 154]
36 [33, 154]
36 [168, 30]
36 [203, 227]
36 [55, 138]
36 [181, 3]
36 [146, 88]
36 [233, 242]
36 [250, 149]
36 [242, 231]
36 [218, 48]
36 [33, 173]
36 [36, 5]
36 [215, 49]
36 [199, 56]
36 [168, 125]
36 [81, 249]
36 [201, 240]
36 [177, 143]
36 [227, 95]
36 [53, 88]
36 [16, 68]
36 [237, 190]
36 [210, 95]
36 [32, 222]
36 [190, 173]
36 [248, 12]
36 [109, 85]
36 [207, 224]
36 [21, 56]
36 [80, 167]
36 [158, 158]
36 [240, 46]
36 [156, 221]
36 [97, 173]
36 [5, 30]
36 [109, 101]
36 [12, 67]
36 [86, 11]
36 [69, 11]
36 [136, 128]
36 [85, 254]
36 [118, 247]
36 [15, 81]
36 [13, 140]
36 [183, 51]
36 [77, 38]
36 [53, 25]
36 [208, 134]
36 [82, 156]
36 [204, 240]
36 [90, 146]
36 [184, 42]
36 [85, 208]
36 [23, 118]
36 [81, 49]
36 [161, 252]
36 [11, 154]
36 [59, 65]
36 [165, 122]
36 [147, 60]
36 [169, 51]
36 [60, 161]
36 [138, 1]
36 [23, 142]
36 [79, 82]
36 [247, 38]
36 [81, 32]
36 [56, 44]
36 [148, 98]
36 [77, 149]
36 [53, 128]
36 [75, 238]
36 [123, 86]
36 [83, 139]
36 [82, 168]
36 [33, 233]
36 [83, 225]
36 [21, 25]
36 [158, 248]
36 [23, 245]
36 [41, 249]
36 [70, 246]
36 [39, 150]
36 [20, 98]
36 [196, 18]
36 [53, 124]
36 [18, 151]
36 [137, 141]
36 [168, 251]
36 [66, 27]
36 [92, 78]
36 [31, 53]
36 [204, 231]
36 [203, 69]
36 [179, 8]
36 [131, 221]
36 [175, 196]
36 [143, 167]
36 [193, 233]
36 [225, 129]
36 [138, 214]
36 [225, 21]
36 [134, 24]
36 [38, 214]
36 [84, 119]
36 [40, 9]
36 [203, 253]
36 [103, 49]
36 [158, 52]
36 [195, 73]
36 [60, 57]
36 [6, 181]
36 [148, 151]
36 [112, 155]
36 [51, 219]
36 [190, 101]
36 [56, 153]
36 [83, 44]
36 [129, 6]
36 [40, 191]
36 [215, 75]
36 [169, 38]
36 [226, 100]
36 [113, 29]
36 [68, 67]
36 [188, 215]
36 [185, 11]
36 [44, 183]
36 [228, 65]
36 [94, 67]
36 [193, 2]
36 [188, 219]
36 [25, 6]
36 [208, 174]
36 [38, 100]
36 [121, 122]
36 [136, 14]
36 [100, 230]
36 [211, 64]
36 [97, 59]
36 [188, 52]
36 [123, 127]
36 [90, 55]
36 [239, 88]
36 [187, 198]
36 [199, 66]
36 [23, 214]
36 [54, 203]
36 [167, 220]
36 [77, 253]
36 [37, 213]
36 [153, 168]
36 [204, 202]
36 [76, 12]
36 [165, 54]
36 [148, 30]
36 [186, 132]
36 [57, 28]
36 [252, 139]
36 [142, 239]
36 [58, 236]
36 [208, 98]
36 [164, 209]
36 [130, 48]
36 [2, 59]
36 [152, 5]
36 [40, 103]
36 [105, 104]
36 [225, 245]
36 [251, 81]
36 [135, 90]
36 [165, 34]
36 [131, 217]
36 [32, 118]
36 [26, 23]
36 [145, 149]
36 [43, 242]
36 [183, 130]
36 [11, 97]
36 [57, 212]
36 [50, 23]
36 [0, 116]
36 [122, 46]
36 [206, 197]
36 [24, 214]
36 [126, 176]
36 [51, 89]
36 [231, 104]
36 [132, 185]
36 [7, 103]
36 [72, 165]
36 [223, 137]
36 [170, 17]
36 [34, 220]
36 [237, 156]
36 [137, 52]
36 [151, 121]
36 [46, 206]
36 [178, 61]
36 [196, 73]
36 [100, 100]
36 [250, 78]
36 [214, 131]
36 [188, 143]
36 [242, 75]
36 [211, 19]
36 [16, 158]
36 [128, 88]
36 [161, 14]
36 [80, 139]
36 [8, 226]
36 [188, 143]
36 [16, 216]
36 [52, 112]
36 [195, 133]
36 [207, 227]
36 [43, 81]
36 [37, 194]
36 [249, 37]
36 [175, 252]
36 [122, 51]
36 [54, 113]
36 [57, 128]
36 [142, 192]
36 [17, 198]
36 [151, 223]
36 [124, 187]
36 [115, 73]
36 [108, 115]
36 [239, 213]
36 [241, 63]
36 [172, 122]
36 [143, 240]
36 [144, 206]
36 [173, 57]
36 [31, 210]
36 [90, 42]
36 [217, 195]
36 [212, 84]
36 [215, 107]
36 [199, 96]
36 [17, 175]
36 [180, 116]
36 [137, 133]
36 [240, 220]
36 [52, 6]
36 [186, 184]
36 [175, 52]
36 [180, 52]
36 [196, 50]
36 [142, 153]
36 [13, 252]
36 [240, 69]
36 [26, 252]
36 [10, 55]
36 [208, 3]
36 [145, 79]
36 [160, 56]
36 [61, 206]
36 [197, 175]
36 [250, 112]
36 [225, 23]
36 [227, 102]
36 [98, 164]
36 [41, 167]
36 [132, 16]
36 [171, 230]
36 [81, 66]
36 [35, 206]
36 [127, 70]
36 [116, 211]
36 [238, 79]
36 [135, 19]
36 [178, 8]
36 [97, 75]
36 [27, 230]
36 [229, 247]
36 [212, 33]
36 [118, 68]
36 [62, 254]
36 [120, 138]
36 [41, 89]
36 [140, 144]
36 [44, 160]
36 [229, 212]
36 [159, 47]
36 [237, 24]
36 [116, 3]
36 [153, 136]
36 [123, 93]
36 [27, 229]
36 [36, 109]
36 [1, 236]
36 [177, 181]
36 [182, 61]
36 [227, 83]
36 [174, 93]
36 [210, 61]
36 [127, 227]
36 [67, 61]
36 [147, 96]
36 [41, 163]
36 [158, 55]
36 [30, 100]
36 [64, 216]
36 [207, 148]
36 [81, 5]
36 [151, 238]
36 [94, 198]
36 [57, 90]
36 [130, 124]
36 [9, 159]
36 [183, 52]
36 [192, 186]
36 [162, 193]
36 [134, 120]
36 [55, 163]
36 [8, 81]
36 [190, 152]
36 [247, 143]
36 [190, 199]
36 [251, 85]
36 [161, 131]
36 [160, 98]
36 [142, 162]
36 [146, 93]
36 [158, 63]
36 [186, 219]
36 [224, 205]
36 [115, 81]
36 [70, 197]
36 [158, 159]
36 [49, 228]
36 [69, 112]
36 [129, 130]
36 [236, 127]
36 [199, 246]
36 [143, 106]
36 [153, 37]
36 [138, 246]
36 [180, 205]
36 [144, 236]
36 [215, 159]
36 [162, 159]
36 [76, 65]
36 [10, 252]
36 [29, 9]
36 [51, 15]
36 [212, 61]
36 [221, 97]
36 [24, 137]
36 [48, 247]
36 [119, 197]
36 [60, 133]
36 [197, 94]
36 [26, 187]
36 [231, 78]
36 [195, 161]
36 [60, 99]
36 [215, 195]
36 [241, 113]
36 [17, 95]
36 [243, 154]
36 [245, 179]
36 [39, 70]
36 [201, 90]
36 [187, 254]
36 [144, 250]
36 [117, 17]
36 [11, 61]
36 [37, 154]
36 [3, 52]
36 [10, 70]
36 [248, 121]
36 [193, 75]
36 [85, 87]
36 [186, 13]
36 [62, 230]
36 [118, 137]
36 [115, 27]
36 [55, 93]
36 [181, 218]
36 [229, 71]
36 [14, 166]
36 [127, 130]
36 [16, 72]
36 [124, 107]
36 [38, 251]
36 [217, 207]
36 [35, 212]
36 [251, 165]
36 [156, 157]
36 [221, 165]
36 [68, 246]
36 [132, 38]
36 [24, 134]
36 [165, 184]
36 [139, 118]
36 [210, 139]
36 [75, 210]
36 [66, 101]
36 [237, 236]
36 [88, 193]
36 [190, 237]
36 [159, 210]
36 [253, 104]
36 [92, 59]
36 [94, 19]
36 [19, 162]
36 [10, 130]
36 [116, 32]
36 [246, 228]
36 [149, 217]
36 [10, 18]
36 [56, 60]
36 [188, 234]
36 [239, 41]
36 [220, 92]
36 [165, 173]
36 [102, 241]
36 [41, 201]
36 [19, 152]
36 [7, 100]
36 [58, 143]
36 [156, 26]
36 [10, 127]
36 [140, 38]
36 [184, 94]
36 [48, 208]
36 [216, 37]
36 [178, 250]
36 [228, 182]
36 [22, 155]
36 [56, 49]
36 [45, 135]
36 [5, 105]
36 [17, 7]
36 [80, 131]
36 [239, 243]
36 [76, 50]
36 [251, 223]
36 [197, 113]
36 [238, 9]
36 [201, 123]
36 [138, 244]
36 [63, 84]
36 [159, 236]
36 [74, 105]
36 [102, 19]
36 [125, 11]
36 [226, 93]
36 [186, 222]
36 [131, 33]
36 [247, 68]
36 [234, 67]
36 [189, 232]
36 [193, 201]
36 [31, 30]
36 [201, 180]
36 [100, 222]
36 [24, 138]
36 [122, 92]
36 [38, 166]
36 [87, 158]
36 [232, 115]
36 [133, 253]
36 [151, 90]
36 [80, 49]
36 [213, 59]
36 [104, 174]
36 [103, 221]
36 [29, 4]
36 [228, 197]
36 [51, 16]
36 [166, 103]
36 [216, 136]
36 [116, 226]
36 [182, 137]
36 [23, 86]
36 [196, 87]
36 [183, 12]
36 [5, 74]
36 [254, 122]
36 [7, 92]
36 [71, 27]
36 [211, 232]
36 [179, 73]
36 [88, 15]
36 [141, 175]
36 [163, 69]
36 [30, 165]
36 [21, 217]
36 [223, 64]
36 [56, 248]
36 [172, 37]
36 [251, 128]
36 [43, 116]
36 [187, 202]
36 [56, 213]
36 [116, 153]
36 [79, 146]
36 [238, 9]
36 [127, 195]
36 [169, 50]
36 [250, 18]
36 [93, 188]
36 [148, 44]
36 [22, 115]
36 [246, 64]
36 [75, 201]
36 [161, 114]
36 [199, 94]
36 [89, 38]
36 [54, 59]
36 [79, 208]
36 [168, 118]
36 [187, 180]
36 [240, 99]
36 [147, 251]
36 [35, 191]
36 [16, 190]
36 [57, 7]
36 [164, 126]
36 [227, 49]
36 [51, 186]
36 [143, 99]
36 [86, 117]
36 [5, 56]
36 [174, 223]
36 [243, 23]
36 [139, 192]
36 [199, 128]
36 [158, 3]
36 [198, 240]
36 [180, 135]
36 [73, 221]
36 [209, 187]
36 [222, 67]
36 [224, 45]
36 [41, 63]
36 [126, 11]
36 [110, 93]
36 [189, 99]
36 [213, 190]
36 [227, 208]
36 [66, 174]
36 [148, 16]
36 [140, 241]
36 [179, 200]
36 [215, 11]
36 [54, 51]
36 [144, 240]
36 [112, 217]
36 [223, 174]
36 [142, 164]
36 [108, 188]
36 [232, 33]
36 [250, 64]
36 [46, 209]
36 [76, 2]
36 [212, 20]
36 [108, 199]
36 [200, 197]
36 [226, 29]
36 [87, 144]
36 [205, 193]
36 [160, 100]
36 [246, 54]
36 [180, 123]
36 [49, 49]
36 [191, 93]
36 [14, 225]
36 [156, 54]
36 [74, 224]
36 [216, 49]
36 [249, 229]
36 [102, 248]
36 [150, 107]
36 [229, 76]
36 [151, 145]
36 [53, 60]
36 [34, 33]
36 [229, 134]
36 [59, 45]
36 [225, 39]
36 [213, 120]
36 [160, 150]
36 [55, 18]
36 [10, 198]
36 [171, 200]
36 [69, 142]
36 [106, 7]
36 [221, 211]
36 [91, 233]
36 [4, 241]
36 [6, 197]
36 [97, 40]
36 [198, 106]
36 [135, 242]
36 [65, 106]
36 [144, 48]
36 [45, 12]
36 [26, 120]
36 [114, 197]
36 [10, 80]
36 [246, 158]
36 [169, 122]
36 [229, 131]
36 [125, 74]
36 [142, 71]
36 [20, 254]
36 [176, 193]
36 [91, 154]
36 [174, 122]
36 [179, 18]
36 [219, 47]
36 [102, 238]
36 [44, 48]
36 [193, 137]
36 [111, 197]
36 [115, 132]
36 [213, 130]
36 [194, 114]
36 [92, 14]
36 [47, 238]
36 [89, 231]
36 [59, 238]
36 [240, 213]
36 [187, 180]
36 [136, 114]
36 [186, 200]
36 [128, 168]
36 [251, 143]
36 [123, 224]
36 [49, 163]
36 [48, 146]
36 [99, 146]
36 [147, 77]
36 [56, 180]
36 [105, 135]
36 [108, 34]
36 [101, 42]
36 [4, 136]
36 [175, 163]
36 [180, 200]
36 [161, 63]
36 [42, 108]
36 [192, 249]
36 [12, 187]
36 [227, 127]
36 [45, 80]
36 [175, 241]
36 [213, 238]
36 [168, 104]
36 [168, 199]
36 [91, 9]
36 [13, 85]
36 [107, 200]
36 [43, 44]
36 [146, 65]
36 [218, 45]
36 [125, 70]
36 [25, 195]
36 [178, 218]
36 [69, 45]
36 [170, 46]
36 [8, 122]
36 [207, 225]
36 [169, 35]
36 [132, 24]
36 [134, 67]
36 [195, 81]
36 [223, 228]
36 [194, 230]
36 [64, 205]
36 [162, 13]
36 [250, 16]
36 [159, 127]
36 [206, 55]
36 [112, 53]
36 [243, 18]
36 [132, 69]
36 [133, 101]
36 [22, 39]
36 [58, 187]
36 [216, 1]
36 [30, 171]
36 [65, 23]
36 [27, 157]
36 [138, 96]
36 [116, 77]
36 [194, 55]
36 [100, 79]
36 [38, 229]
36 [238, 3]
36 [172, 15]
36 [84, 132]
36 [47, 193]
36 [97, 79]
36 [64, 2]
36 [238, 216]
36 [246, 151]
36 [212, 69]
36 [39, 93]
36 [32, 32]
36 [166, 15]
36 [81, 183]
36 [0, 167]
36 [233, 185]
36 [111, 28]
36 [253, 56]
36 [49, 153]
36 [9, 28]
36 [177, 128]
36 [59, 231]
36 [105, 127]
36 [5, 128]
36 [54, 98]
36 [176, 180]
36 [253, 171]
36 [252, 30]
36 [159, 112]
36 [149, 204]
36 [23, 150]
36 [104, 21]
36 [109, 205]
36 [180, 146]
36 [76, 123]
36 [205, 47]
36 [22, 227]
36 [115, 111]
36 [240, 18]
36 [57, 102]
36 [4, 134]
36 [88, 95]
36 [118, 214]
36 [116, 30]
36 [184, 34]
36 [100, 251]
36 [76, 169]
36 [123, 164]
36 [84, 113]
36 [106, 7]
36 [194, 42]
36 [163, 176]
36 [120, 116]
36 [12, 22]
36 [87, 38]
36 [175, 14]
36 [246, 133]
36 [163, 109]
36 [115, 180]
36 [107, 102]
36 [52, 56]
36 [162, 131]
36 [35, 93]
36 [190, 195]
36 [60, 217]
36 [98, 4]
36 [201, 79]
36 [63, 169]
36 [222, 53]
36 [56, 127]
36 [249, 241]
36 [250, 60]
36 [7, 200]
36 [37, 6]
36 [126, 209]
36 [30, 99]
36 [109, 113]
