36 [41, 250]
36 [78, 62]
36 [226, 78]
36 [134, 243]
36 [172, 185]
36 [244, 232]
36 [187, 248]
36 [59, 125]
36 [188, 13]
36 [167, 178]
36 [111, 163]
36 [193, 151]
36 [87, 229]
36 [219, 114]
36 [74, 162]
36 [44, 119]
36 [169, 132]
36 [44, 203]
36 [104, 40]
36 [87, 170]
36 [72, 132]
36 [190, 135]
36 [146, 32]
36 [144, 88]
36 [120, 132]
36 [203, 198]
36 [18, 174]
36 [34, 25]
36 [175, 123]
36 [242, 204]
36 [234, 0]
36 [52, 0]
36 [183, 99]
36 [67, 63]
36 [98, 74]
36 [143, 0]
36 [152, 200]
36 [64, 2]
36 [36, 175]
36 [236, 162]
36 [230, 48]
36 [155, 239]
36 [209, 223]
36 [193, 31]
36 [220, 5]
36 [251, 14]
36 [111, 81]
36 [30, 45]
36 [21, 223]
36 [46, 97]
36 [215, 110]
36 [49, 199]
36 [250, 215]
36 [17, 27]
36 [138, 203]
36 [149, 75]
36 [25, 127]
36 [78, 36]
36 [71, 241]
36 [229, 222]
36 [157, 72]
36 [65, 40]
36 [101, 104]
36 [123, 119]
36 [109, 212]
36 [7, 72]
36 [100, 10]
36 [172, 208]
36 [33, 109]
36 [106, 188]
36 [74, 149]
36 [60, 91]
36 [18, 120]
36 [233, 129]
36 [227, 162]
36 [186, 182]
36 [243, 38]
36 [154, 77]
36 [151, 164]
36 [155, 31]
36 [244, 49]
36 [87, 64]
36 [189, 217]
36 [198, 222]
36 [239, 26]
36 [121, 9]
36 [130, 119]
36 [14, 92]
36 [195, 45]
36 [250, 76]
36 [33, 179]
36 [111, 54]
36 [199, 237]
36 [135, 1]
36 [116, 180]
36 [221, 119]
36 [32, 208]
36 [20, 143]
36 [137, 32]
36 [162, 67]
36 [151, 248]
36 [86, 116]
36 [209, 144]
36 [185, 103]
36 [65, 151]
36 [189, 56]
36 [45, 58]
36 [122, 238]
36 [143, 77]
36 [225, 162]
36 [0, 110]
36 [243, 54]
36 [46, 95]
36 [237, 240]
36 [242, 120]
36 [0, 218]
36 [129, 58]
36 [168, 99]
36 [100, 180]
36 [106, 30]
36 [165, 149]
36 [140, 236]
36 [79, 185]
36 [16, 2]
36 [76, 140]
36 [51, 60]
36 [192, 143]
36 [81, 130]
36 [90, 225]
36 [99, 98]
36 [136, 179]
36 [182, 189]
36 [16, 5]
36 [125, 200]
36 [110, 56]
36 [163, 9]
36 [216, 189]
36 [5, 167]
36 [202, 74]
36 [151, 45]
36 [90, 149]
36 [194, 14]
36 [131, 81]
36 [58, 223]
36 [136, 25]
36 [158, 30]
36 [55, 22]
36 [89, 67]
36 [72, 192]
36 [45, 180]
36 [129, 169]
36 [199, 116]
36 [250, 90]
36 [246, 167]
36 [37, 41]
36 [176, 235]
36 [30, 34]
36 [152, 248]
36 [11, 130]
36 [158, 70]
36 [142, 136]
36 [208, 84]
36 [243, 118]
36 [30, 45]
36 [175, 130]
36 [19, 227]
36 [67, 172]
36 [14, 115]
36 [125, 119]
36 [64, 45]
36 [34, 138]
36 [206, 100]
36 [126, 230]
36 [210, 95]
36 [186, 166]
36 [212, 92]
36 [123, 47]
36 [183, 14]
36 [59, 238]
36 [111, 228]
36 [206, 198]
36 [243, 79]
36 [232, 192]
36 [30, 87]
36 [128, 52]
36 [182, 38]
36 [1, 116]
36 [130, 130]
36 [201, 79]
36 [104, 43]
36 [248, 124]
36 [150, 35]
36 [219, 227]
36 [254, 161]
36 [102, 2]
36 [94, 191]
36 [28, 99]
36 [214, 228]
36 [7, 217]
36 [127, 155]
36 [31, 216]
36 [68, 243]
36 [172, 135]
36 [169, 173]
36 [107, 161]
36 [19, 84]
36 [39, 39]
36 [17, 249]
36 [61, 186]
36 [14, 171]
36 [100, 169]
36 [66, 70]
36 [86, 75]
36 [183, 230]
36 [172, 71]
36 [166, 151]
36 [112, 4]
36 [190, 85]
36 [23, 221]
36 [121, 57]
36 [75, 241]
36 [115, 139]
36 [159, 129]
36 [204, 221]
36 [12, 40]
36 [172, 242]
36 [131, 173]
36 [177, 148]
36 [131, 38]
36 [202, 177]
36 [234, 205]
36 [232, 179]
36 [21, 97]
36 [148, 33]
36 [100, 144]
36 [51, 4]
36 [155, 202]
36 [34, 71]
36 [134, 145]
36 [222, 247]
36 [208, 210]
36 [149, 116]
36 [221, 88]
36 [87, 107]
36 [173, 187]
36 [202, 237]
36 [99, 162]
36 [66, 184]
36 [169, 24]
36 [142, 26]
36 [234, 92]
36 [193, 182]
36 [101, 121]
36 [250, 228]
36 [72, 13]
36 [154, 79]
36 [225, 161]
36 [249, 202]
36 [75, 165]
36 [185, 18]
36 [45, 96]
36 [116, 158]
36 [87, 31]
36 [80, 181]
36 [29, 196]
36 [103, 31]
36 [9, 241]
36 [52, 48]
36 [48, 226]
36 [6, 181]
36 [117, 156]
36 [86, 68]
36 [28, 162]
36 [201, 149]
36 [11, 60]
36 [106, 111]
36 [168, 198]
36 [43, 250]
36 [81, 28]
36 [36, 52]
36 [70, 131]
36 [228, 0]
36 [228, 50]
36 [77, 21]
36 [144, 223]
36 [33, 181]
36 [211, 46]
36 [180, 155]
36 [33, 129]
36 [50, 237]
36 [94, 69]
36 [93, 17]
36 [195, 196]
36 [126, 79]
36 [136, 203]
36 [103, 106]
36 [183, 253]
36 [5, 210]
36 [40, 204]
36 [137, 184]
36 [70, 177]
36 [120, 45]
36 [244, 227]
36 [132, 81]
36 [225, 216]
36 [155, 146]
36 [34, 201]
36 [186, 194]
36 [165, 102]
36 [162, 78]
36 [108, 169]
36 [133, 61]
36 [88, 14]
36 [70, 75]
36 [3, 173]
36 [143, 79]
36 [177, 207]
36 [92, 199]
36 [211, 51]
36 [22, 47]
36 [192, 9]
36 [154, 83]
36 [167, 188]
36 [243, 186]
36 [238, 223]
36 [194, 51]
36 [232, 234]
36 [74, 18]
36 [169, 224]
36 [154, 248]
36 [203, 193]
36 [103, 41]
36 [42, 254]
36 [115, 111]
36 [147, 77]
36 [205, 18]
36 [168, 129]
36 [183, 254]
36 [12, 54]
36 [93, 136]
36 [176, 135]
36 [214, 239]
36 [11, 4]
36 [32, 62]
36 [198, 214]
36 [233, 147]
36 [80, 60]
36 [43, 57]
36 [221, 29]
36 [243, 62]
36 [14, 193]
36 [209, 151]
36 [125, 248]
36 [184, 187]
36 [69, 219]
36 [167, 250]
36 [75, 216]
36 [234, 240]
36 [155, 158]
36 [238, 7]
36 [214, 144]
36 [131, 195]
36 [198, 218]
36 [80, 118]
36 [96, 197]
36 [114, 203]
36 [195, 2]
36 [53, 221]
36 [225, 52]
36 [158, 151]
36 [208, 41]
36 [156, 32]
36 [54, 251]
36 [113, 90]
36 [162, 53]
36 [130, 18]
36 [80, 177]
36 [20, 50]
36 [50, 99]
36 [196, 227]
36 [227, 99]
36 [148, 27]
36 [147, 200]
36 [244, 94]
36 [60, 112]
36 [136, 253]
36 [230, 132]
36 [43, 20]
36 [121, 58]
36 [49, 218]
36 [191, 180]
36 [194, 5]
36 [24, 98]
36 [31, 20]
36 [19, 197]
36 [65, 189]
36 [18, 34]
36 [166, 158]
36 [33, 241]
36 [7, 109]
36 [234, 60]
36 [55, 95]
36 [245, 39]
36 [71, 156]
36 [13, 76]
36 [74, 159]
36 [91, 85]
36 [122, 29]
36 [39, 176]
36 [178, 212]
36 [109, 50]
36 [226, 152]
36 [232, 175]
36 [178, 169]
36 [253, 163]
36 [127, 206]
36 [9, 183]
36 [177, 119]
36 [193, 236]
36 [146, 117]
36 [22, 250]
36 [100, 254]
36 [12, 207]
36 [153, 159]
36 [233, 103]
36 [154, 236]
36 [2, 213]
36 [13, 135]
36 [3, 210]
36 [38, 58]
36 [45, 71]
36 [205, 109]
36 [117, 177]
36 [95, 218]
36 [217, 41]
36 [170, 180]
36 [73, 52]
36 [70, 81]
36 [231, 10]
36 [249, 7]
36 [6, 77]
36 [210, 0]
36 [126, 70]
36 [0, 80]
36 [222, 31]
36 [72, 111]
36 [20, 254]
36 [82, 222]
36 [100, 51]
36 [87, 155]
36 [63, 134]
36 [74, 254]
36 [1, 188]
36 [128, 146]
36 [177, 248]
36 [141, 180]
36 [241, 161]
36 [135, 71]
36 [223, 161]
36 [181, 186]
36 [118, 31]
36 [235, 81]
36 [121, 126]
36 [85, 10]
36 [19, 189]
36 [37, 5]
36 [219, 58]
36 [37, 0]
36 [78, 122]
36 [85, 228]
36 [63, 178]
36 [123, 142]
36 [206, 29]
36 [133, 45]
36 [237, 156]
36 [169, 249]
36 [253, 181]
36 [80, 93]
36 [219, 101]
36 [167, 37]
36 [174, 54]
36 [197, 223]
36 [55, 235]
36 [59, 201]
36 [101, 64]
36 [160, 63]
36 [190, 120]
36 [2, 142]
36 [154, 216]
36 [132, 30]
36 [40, 201]
36 [32, 199]
36 [123, 139]
36 [175, 174]
36 [111, 191]
36 [36, 27]
36 [54, 233]
36 [116, 209]
36 [50, 107]
36 [148, 59]
36 [92, 74]
36 [128, 148]
36 [212, 140]
36 [253, 6]
36 [88, 57]
36 [213, 92]
36 [164, 153]
36 [121, 11]
36 [90, 117]
36 [50, 81]
36 [67, 134]
36 [128, 32]
36 [19, 230]
36 [78, 214]
36 [94, 155]
36 [250, 35]
36 [227, 100]
36 [145, 115]
36 [39, 234]
36 [213, 113]
36 [172, 189]
36 [216, 184]
36 [183, 58]
36 [56, 150]
36 [151, 131]
36 [140, 30]
36 [236, 136]
36 [148, 4]
36 [194, 93]
36 [228, 21]
36 [98, 144]
36 [31, 204]
36 [78, 21]
36 [139, 183]
36 [218, 151]
36 [250, 29]
36 [168, 171]
36 [55, 176]
36 [50, 22]
36 [194, 70]
36 [214, 37]
36 [76, 113]
36 [147, 6]
36 [222, 244]
36 [117, 221]
36 [18, 250]
36 [4, 152]
36 [209, 108]
36 [148, 208]
36 [89, 158]
36 [28, 137]
36 [81, 63]
36 [55, 147]
36 [126, 246]
36 [14, 42]
36 [232, 104]
36 [180, 227]
36 [33, 1]
36 [230, 109]
36 [127, 51]
36 [182, 171]
36 [160, 219]
36 [106, 150]
36 [126, 10]
36 [78, 47]
36 [88, 112]
36 [159, 32]
36 [84, 124]
36 [132, 6]
36 [62, 149]
36 [50, 181]
36 [51, 202]
36 [226, 91]
36 [95, 131]
36 [248, 25]
36 [242, 152]
36 [170, 51]
36 [78, 60]
36 [133, 89]
36 [85, 102]
36 [160, 37]
36 [91, 133]
36 [161, 136]
36 [197, 75]
36 [74, 11]
36 [194, 184]
36 [182, 54]
36 [165, 27]
36 [48, 234]
36 [33, 238]
36 [239, 152]
36 [218, 106]
36 [72, 217]
36 [217, 46]
36 [145, 13]
36 [149, 226]
36 [31, 134]
36 [7, 30]
36 [83, 164]
36 [181, 54]
36 [180, 199]
36 [79, 157]
36 [96, 112]
36 [221, 125]
36 [231, 212]
36 [199, 39]
36 [121, 175]
36 [252, 118]
36 [93, 126]
36 [4, 22]
36 [219, 175]
36 [177, 124]
36 [138, 81]
36 [22, 94]
36 [120, 127]
36 [197, 79]
36 [135, 53]
36 [122, 65]
36 [107, 43]
36 [60, 242]
36 [11, 182]
36 [59, 125]
36 [132, 152]
36 [10, 55]
36 [198, 166]
36 [113, 244]
36 [102, 34]
36 [117, 124]
36 [123, 59]
36 [111, 167]
36 [239, 71]
36 [188, 120]
36 [159, 174]
36 [14, 207]
36 [34, 73]
36 [124, 73]
36 [123, 250]
36 [252, 221]
36 [241, 139]
36 [181, 44]
36 [129, 8]
36 [140, 195]
36 [193, 176]
36 [193, 191]
36 [176, 238]
36 [216, 148]
36 [15, 61]
36 [78, 158]
36 [210, 100]
36 [34, 136]
36 [48, 240]
36 [94, 128]
36 [146, 227]
36 [29, 226]
36 [128, 33]
36 [12, 201]
36 [214, 76]
36 [228, 200]
36 [126, 10]
36 [120, 159]
36 [61, 53]
36 [237, 115]
36 [56, 224]
36 [182, 214]
36 [238, 118]
36 [89, 225]
36 [21, 8]
36 [242, 207]
36 [18, 190]
36 [161, 186]
36 [106, 48]
36 [41, 91]
36 [151, 59]
36 [222, 241]
36 [186, 103]
36 [192, 216]
36 [214, 115]
36 [178, 92]
36 [75, 6]
36 [215, 174]
36 [105, 219]
36 [141, 142]
36 [224, 79]
36 [76, 68]
36 [144, 213]
36 [31, 182]
36 [104, 187]
36 [124, 227]
36 [45, 5]
36 [124, 172]
36 [96, 32]
36 [230, 24]
36 [130, 218]
36 [248, 159]
36 [91, 242]
36 [35, 139]
36 [145, 185]
36 [202, 5]
36 [55, 87]
36 [246, 60]
36 [79, 78]
36 [209, 184]
36 [243, 4]
36 [131, 199]
36 [117, 66]
36 [137, 151]
36 [65, 47]
36 [74, 187]
36 [93, 88]
36 [222, 138]
36 [119, 245]
36 [204, 28]
36 [113, 108]
36 [222, 239]
36 [196, 136]
36 [180, 252]
36 [56, 57]
36 [240, 74]
36 [52, 175]
36 [240, 199]
36 [14, 112]
36 [74, 55]
36 [85, 123]
36 [213, 151]
36 [238, 216]
36 [250, 34]
36 [14, 165]
36 [161, 21]
36 [73, 26]
36 [37, 233]
36 [3, 91]
36 [132, 137]
36 [116, 176]
36 [149, 165]
36 [67, 202]
36 [183, 137]
36 [101, 210]
36 [126, 56]
36 [179, 192]
36 [141, 194]
36 [8, 196]
36 [107, 157]
36 [44, 58]
36 [179, 187]
36 [243, 223]
36 [193, 176]
36 [77, 126]
36 [189, 45]
36 [3, 209]
36 [41, 207]
36 [226, 6]
36 [215, 45]
36 [221, 180]
36 [92, 113]
36 [156, 8]
36 [65, 54]
36 [143, 166]
36 [112, 169]
36 [180, 138]
36 [3, 92]
36 [110, 213]
36 [178, 149]
36 [43, 241]
36 [55, 166]
36 [115, 123]
36 [134, 28]
36 [147, 224]
36 [68, 31]
36 [4, 181]
36 [29, 128]
36 [93, 46]
36 [32, 229]
36 [58, 9]
36 [162, 78]
36 [30, 158]
36 [182, 222]
36 [243, 150]
36 [246, 95]
36 [220, 107]
36 [46, 219]
36 [49, 214]
36 [80, 243]
36 [206, 109]
36 [118, 54]
36 [188, 140]
36 [106, 120]
36 [121, 245]
36 [172, 61]
36 [125, 246]
36 [29, 36]
36 [243, 242]
36 [232, 102]
36 [67, 84]
36 [67, 144]
36 [238, 186]
36 [226, 52]
36 [157, 159]
36 [248, 109]
36 [123, 204]
36 [25, 153]
36 [77, 134]
36 [110, 49]
36 [4, 111]
36 [73, 11]
36 [253, 74]
36 [48, 40]
36 [131, 35]
36 [251, 213]
36 [230, 160]
36 [236, 185]
36 [62, 205]
36 [45, 146]
36 [247, 34]
36 [153, 12]
36 [163, 205]
36 [83, 19]
36 [39, 177]
36 [58, 1]
36 [129, 206]
36 [27, 41]
36 [196, 16]
36 [167, 52]
36 [216, 229]
36 [168, 98]
36 [17, 73]
36 [197, 68]
36 [252, 88]
36 [135, 74]
36 [223, 195]
36 [235, 23]
36 [198, 133]
36 [115, 167]
36 [189, 239]
36 [220, 239]
36 [175, 57]
36 [108, 170]
36 [201, 218]
36 [218, 168]
36 [35, 21]
36 [136, 218]
36 [97, 99]
36 [160, 67]
36 [34, 235]
36 [94, 174]
36 [91, 165]
36 [116, 118]
36 [87, 183]
36 [191, 65]
36 [183, 29]
36 [111, 74]
36 [162, 226]
36 [204, 66]
36 [248, 48]
36 [238, 28]
36 [137, 85]
36 [115, 144]
36 [11, 198]
36 [56, 60]
36 [80, 89]
36 [151, 227]
36 [134, 117]
36 [246, 51]
36 [18, 177]
36 [31, 208]
36 [92, 143]
36 [193, 174]
36 [104, 89]
36 [92, 168]
36 [62, 82]
36 [180, 131]
36 [47, 97]
36 [159, 216]
36 [108, 59]
36 [162, 174]
36 [212, 164]
36 [100, 92]
36 [59, 141]
36 [135, 155]
36 [242, 114]
36 [35, 151]
36 [212, 198]
36 [139, 253]
36 [163, 76]
36 [217, 48]
36 [127, 114]
36 [96, 136]
36 [140, 0]
36 [101, 25]
36 [20, 39]
36 [67, 100]
36 [251, 35]
36 [126, 162]
36 [188, 109]
36 [186, 253]
36 [168, 123]
36 [127, 91]
36 [74, 126]
36 [237, 109]
36 [135, 115]
36 [161, 41]
36 [165, 123]
36 [190, 169]
36 [96, 125]
36 [64, 88]
36 [173, 157]
36 [12, 103]
36 [50, 50]
36 [118, 150]
36 [186, 1]
36 [32, 146]
36 [47, 78]
36 [211, 79]
36 [196, 147]
36 [56, 184]
36 [171, 5]
36 [142, 151]
36 [90, 5]
36 [226, 1]
36 [185, 221]
36 [9, 102]
36 [62, 17]
36 [17, 132]
36 [187, 142]
36 [73, 180]
36 [16, 251]
36 [26, 222]
36 [159, 55]
36 [156, 56]
36 [254, 232]
36 [103, 103]
36 [106, 106]
36 [33, 161]
36 [160, 234]
36 [80, 70]
36 [149, 214]
36 [73, 24]
36 [152, 251]
36 [126, 246]
36 [38, 0]
36 [172, 178]
36 [217, 190]
36 [4, 225]
36 [210, 102]
36 [161, 5]
36 [72, 162]
36 [29, 171]
36 [195, 93]
36 [136, 230]
36 [26, 246]
36 [240, 142]
36 [105, 9]
36 [157, 195]
36 [134, 225]
36 [188, 148]
36 [23, 138]
36 [24, 244]
36 [228, 100]
36 [112, 126]
36 [208, 179]
36 [164, 230]
36 [217, 187]
36 [8, 119]
36 [134, 184]
36 [23, 157]
36 [119, 150]
36 [87, 7]
36 [150, 171]
36 [43, 239]
36 [226, 37]
36 [77, 234]
36 [203, 219]
36 [40, 1]
36 [48, 47]
36 [29, 78]
36 [78, 99]
36 [91, 98]
36 [122, 241]
36 [194, 238]
36 [246, 214]
36 [248, 210]
36 [192, 59]
36 [210, 200]
36 [210, 129]
36 [130, 141]
36 [246, 243]
36 [165, 185]
36 [195, 231]
36 [134, 124]
36 [103, 54]
36 [212, 111]
36 [31, 100]
36 [104, 11]
36 [53, 116]
36 [230, 169]
36 [218, 96]
36 [232, 115]
36 [75, 120]
36 [115, 96]
36 [1, 217]
36 [78, 16]
36 [147, 235]
36 [110, 251]
36 [28, 77]
36 [176, 67]
36 [225, 42]
36 [160, 126]
36 [82, 204]
36 [112, 72]
36 [224, 131]
36 [185, 177]
36 [57, 6]
36 [76, 93]
36 [103, 228]
36 [91, 19]
36 [182, 160]
36 [20, 69]
36 [2, 253]
36 [43, 134]
36 [105, 250]
36 [234, 4]
36 [223, 226]
36 [55, 60]
36 [247, 144]
36 [97, 160]
36 [140, 76]
36 [104, 25]
36 [113, 253]
36 [91, 106]
36 [178, 233]
36 [234, 113]
36 [150, 252]
36 [34, 230]
36 [205, 67]
36 [225, 1]
36 [177, 198]
36 [58, 192]
36 [184, 88]
36 [104, 210]
36 [247, 154]
36 [221, 157]
36 [85, 184]
36 [118, 19]
36 [101, 217]
36 [78, 39]
36 [193, 95]
36 [217, 196]
36 [181, 74]
36 [79, 214]
36 [53, 192]
36 [80, 94]
36 [229, 116]
36 [179, 244]
36 [239, 74]
36 [213, 182]
36 [31, 2]
36 [73, 193]
36 [101, 98]
36 [121, 201]
36 [82, 18]
36 [50, 61]
36 [90, 83]
36 [202, 130]
36 [98, 94]
36 [147, 201]
36 [129, 43]
36 [237, 21]
36 [42, 34]
36 [182, 224]
36 [154, 199]
36 [17, 70]
36 [169, 160]
36 [38, 68]
36 [147, 141]
36 [0, 131]
36 [120, 42]
36 [144, 187]
36 [207, 32]
36 [111, 139]
36 [75, 98]
36 [127, 220]
36 [22, 150]
36 [124, 157]
36 [79, 67]
36 [249, 16]
36 [47, 147]
36 [89, 250]
36 [174, 10]
36 [147, 60]
36 [68, 92]
36 [190, 254]
36 [158, 136]
36 [109, 162]
36 [201, 174]
36 [112, 138]
36 [10, 85]
36 [9, 178]
36 [61, 206]
36 [165, 141]
36 [49, 74]
36 [119, 81]
36 [94, 52]
36 [159, 63]
36 [29, 136]
36 [184, 226]
36 [6, 167]
36 [24, 8]
36 [221, 14]
36 [88, 89]
36 [17, 204]
36 [93, 59]
36 [4, 148]
36 [215, 170]
36 [90, 184]
36 [196, 109]
36 [81, 196]
36 [127, 96]
36 [242, 211]
36 [127, 73]
36 [194, 54]
36 [117, 205]
36 [234, 218]
36 [94, 33]
36 [185, 151]
36 [71, 77]
36 [238, 37]
36 [240, 124]
36 [9, 24]
36 [151, 130]
36 [86, 101]
36 [83, 212]
36 [174, 253]
36 [237, 254]
36 [77, 140]
36 [114, 73]
36 [7, 117]
36 [185, 34]
36 [132, 181]
36 [241, 109]
36 [205, 168]
36 [228, 92]
36 [54, 82]
36 [163, 145]
36 [19, 233]
36 [44, 62]
36 [147, 229]
36 [78, 240]
36 [40, 6]
36 [149, 123]
36 [165, 209]
36 [25, 38]
36 [73, 117]
36 [0, 183]
36 [44, 105]
36 [115, 81]
36 [242, 11]
36 [214, 87]
36 [118, 90]
36 [162, 32]
36 [34, 225]
36 [226, 132]
36 [52, 165]
36 [205, 23]
36 [155, 68]
36 [245, 85]
36 [45, 109]
36 [199, 153]
36 [126, 10]
36 [133, 110]
36 [186, 94]
36 [202, 64]
36 [64, 212]
36 [243, 42]
36 [18, 6]
36 [238, 202]
36 [175, 93]
36 [22, 221]
36 [174, 21]
36 [77, 61]
36 [225, 136]
36 [158, 226]
36 [178, 43]
36 [227, 171]
36 [84, 187]
36 [6, 60]
36 [196, 207]
36 [154, 84]
36 [32, 225]
36 [226, 227]
36 [123, 204]
36 [75, 193]
36 [89, 98]
36 [211, 4]
36 [211, 68]
36 [170, 48]
36 [67, 20]
36 [10, 192]
36 [73, 35]
36 [164, 231]
36 [23, 42]
36 [32, 116]
36 [11, 118]
36 [85, 193]
36 [67, 186]
36 [193, 34]
36 [68, 211]
36 [35, 56]
36 [132, 247]
36 [17, 187]
36 [147, 19]
36 [201, 239]
36 [167, 139]
36 [133, 103]
36 [243, 139]
36 [206, 145]
36 [3, 114]
36 [88, 107]
36 [153, 148]
36 [104, 93]
36 [62, 16]
36 [160, 94]
36 [171, 21]
36 [221, 111]
36 [107, 192]
36 [165, 30]
36 [157, 182]
36 [91, 79]
36 [154, 37]
36 [114, 246]
36 [149, 124]
36 [76, 107]
36 [80, 205]
36 [182, 193]
36 [203, 66]
36 [35, 97]
36 [239, 198]
36 [207, 200]
36 [249, 12]
36 [21, 225]
36 [225, 230]
36 [136, 27]
36 [231, 162]
36 [119, 123]
36 [153, 252]
36 [47, 45]
36 [214, 2]
36 [90, 172]
36 [44, 49]
36 [254, 254]
36 [5, 125]
36 [163, 252]
36 [220, 191]
36 [215, 8]
36 [207, 90]
36 [5, 38]
36 [47, 204]
36 [91, 127]
36 [248, 62]
36 [44, 125]
36 [160, 163]
36 [109, 23]
36 [44, 208]
36 [122, 131]
36 [138, 134]
36 [86, 102]
36 [78, 10]
36 [58, 17]
36 [38, 128]
36 [83, 221]
36 [58, 193]
36 [30, 187]
36 [131, 231]
36 [169, 32]
36 [80, 160]
36 [133, 124]
36 [177, 141]
36 [55, 161]
36 [146, 21]
36 [74, 188]
36 [188, 146]
36 [136, 56]
36 [181, 33]
36 [252, 126]
36 [74, 104]
36 [128, 47]
36 [90, 41]
36 [104, 218]
36 [79, 112]
36 [2, 234]
36 [146, 137]
36 [75, 27]
36 [168, 235]
36 [222, 37]
36 [182, 172]
36 [134, 87]
36 [211, 189]
36 [241, 121]
36 [108, 137]
36 [81, 100]
36 [38, 75]
36 [145, 209]
36 [103, 17]
36 [227, 171]
36 [196, 168]
36 [72, 57]
36 [34, 120]
36 [2, 141]
36 [132, 168]
36 [55, 59]
36 [104, 61]
36 [15, 10]
36 [145, 137]
36 [238, 141]
36 [148, 231]
36 [12, 176]
36 [213, 88]
36 [34, 213]
36 [46, 156]
36 [85, 234]
36 [208, 246]
36 [169, 13]
36 [103, 79]
36 [166, 16]
36 [123, 129]
36 [148, 20]
36 [112, 92]
36 [118, 24]
36 [228, 128]
36 [41, 66]
36 [218, 199]
36 [155, 17]
36 [142, 20]
36 [46, 64]
36 [39, 139]
36 [141, 226]
36 [197, 90]
36 [89, 156]
36 [188, 150]
36 [27, 163]
36 [145, 186]
36 [24, 216]
36 [130, 56]
36 [3, 230]
36 [254, 99]
36 [190, 137]
36 [246, 188]
36 [38, 48]
36 [205, 30]
36 [219, 132]
36 [174, 109]
36 [55, 31]
36 [119, 190]
36 [65, 112]
36 [117, 244]
36 [88, 177]
36 [21, 251]
36 [43, 115]
36 [249, 19]
36 [8, 45]
36 [235, 44]
36 [203, 215]
36 [222, 110]
36 [156, 215]
36 [235, 214]
36 [96, 205]
36 [36, 188]
36 [93, 21]
36 [58, 217]
36 [113, 157]
36 [97, 10]
36 [179, 197]
36 [63, 178]
36 [4, 116]
36 [73, 97]
36 [244, 57]
36 [25, 19]
36 [242, 112]
36 [225, 223]
36 [123, 143]
36 [196, 146]
36 [58, 254]
36 [196, 158]
36 [19, 128]
36 [72, 189]
36 [124, 145]
36 [2, 197]
36 [68, 47]
36 [103, 32]
36 [206, 68]
36 [57, 140]
36 [235, 68]
36 [155, 76]
36 [69, 182]
36 [30, 136]
36 [163, 236]
36 [193, 173]
36 [85, 153]
36 [219, 108]
36 [191, 248]
36 [15, 54]
36 [206, 208]
36 [89, 5]
36 [130, 94]
36 [77, 228]
36 [69, 59]
36 [61, 89]
36 [226, 5]
36 [203, 252]
36 [5, 19]
36 [166, 218]
36 [33, 13]
36 [238, 93]
36 [90, 153]
36 [133, 41]
36 [111, 236]
36 [245, 164]
36 [122, 29]
36 [86, 104]
36 [96, 217]
36 [239, 227]
36 [222, 208]
36 [87, 80]
36 [123, 120]
36 [246, 229]
36 [137, 27]
36 [214, 14]
36 [130, 219]
36 [68, 247]
36 [175, 55]
36 [186, 22]
36 [34, 109]
36 [42, 75]
36 [243, 32]
36 [249, 151]
36 [130, 84]
36 [72, 162]
36 [71, 165]
36 [102, 209]
36 [57, 217]
36 [222, 108]
36 [112, 144]
36 [52, 63]
36 [45, 252]
36 [97, 43]
36 [170, 146]
36 [143, 227]
36 [128, 126]
36 [163, 63]
36 [169, 92]
36 [23, 100]
36 [232, 91]
36 [235, 151]
36 [93, 55]
36 [108, 73]
36 [76, 155]
36 [63, 252]
36 [162, 63]
36 [131, 242]
36 [174, 196]
36 [209, 182]
36 [219, 74]
36 [137, 189]
36 [14, 43]
36 [101, 211]
36 [142, 13]
36 [94, 20]
36 [150, 89]
36 [197, 222]
36 [222, 158]
36 [62, 180]
36 [94, 211]
36 [69, 72]
36 [143, 238]
36 [67, 14]
36 [191, 60]
36 [129, 48]
36 [146, 63]
36 [184, 40]
36 [104, 179]
36 [26, 23]
36 [47, 92]
36 [52, 145]
36 [3, 14]
36 [126, 123]
36 [184, 73]
36 [133, 100]
36 [162, 66]
36 [99, 21]
36 [153, 173]
36 [242, 1]
36 [26, 86]
36 [237, 165]
36 [24, 153]
36 [141, 107]
36 [170, 22]
36 [230, 244]
36 [35, 221]
36 [198, 19]
36 [95, 43]
36 [187, 225]
36 [19, 1]
36 [10, 203]
36 [93, 113]
36 [206, 105]
36 [26, 244]
36 [67, 89]
36 [152, 186]
36 [56, 154]
36 [239, 123]
36 [117, 94]
36 [17, 208]
36 [171, 67]
36 [112, 145]
36 [146, 12]
36 [97, 110]
36 [45, 18]
36 [115, 196]
36 [187, 160]
36 [211, 5]
36 [9, 65]
36 [175, 202]
36 [77, 224]
36 [37, 42]
36 [136, 141]
36 [130, 77]
36 [81, 0]
36 [84, 5]
36 [164, 92]
36 [64, 232]
36 [86, 67]
36 [191, 230]
36 [44, 230]
36 [124, 89]
36 [161, 160]
36 [48, 74]
36 [106, 61]
36 [232, 145]
36 [254, 101]
36 [215, 84]
36 [1, 130]
36 [213, 105]
36 [6, 56]
36 [51, 0]
36 [210, 230]
36 [110, 75]
36 [201, 8]
36 [25, 149]
36 [16, 208]
36 [0, 204]
36 [182, 163]
36 [180, 132]
36 [106, 217]
36 [175, 250]
36 [190, 136]
36 [60, 78]
36 [28, 102]
36 [113, 254]
36 [199, 58]
36 [170, 11]
36 [163, 2]
36 [30, 58]
36 [125, 162]
36 [133, 185]
36 [72, 80]
36 [38, 187]
36 [39, 61]
36 [107, 241]
36 [66, 132]
36 [14, 116]
36 [5, 36]
36 [50, 44]
36 [30, 135]
36 [101, 75]
36 [178, 213]
36 [156, 52]
36 [199, 8]
36 [248, 70]
36 [155, 101]
36 [147, 2]
36 [54, 53]
36 [105, 213]
36 [248, 235]
36 [176, 166]
36 [134, 235]
36 [68, 18]
36 [56, 77]
36 [135, 243]
36 [10, 133]
36 [187, 80]
36 [234, 128]
36 [187, 126]
36 [4, 180]
36 [169, 7]
36 [117, 241]
36 [136, 166]
36 [248, 183]
36 [107, 235]
36 [150, 30]
36 [196, 82]
36 [49, 34]
36 [234, 247]
36 [145, 57]
36 [168, 118]
36 [129, 249]
36 [86, 248]
36 [229, 226]
36 [189, 147]
36 [46, 61]
36 [21, 230]
36 [33, 82]
36 [156, 246]
36 [123, 136]
36 [185, 88]
36 [13, 65]
36 [29, 184]
36 [66, 27]
36 [113, 42]
36 [125, 12]
36 [9, 135]
36 [204, 121]
36 [232, 110]
36 [230, 41]
36 [120, 158]
36 [206, 46]
36 [80, 6]
36 [173, 17]
36 [3, 218]
36 [122, 204]
36 [199, 203]
36 [127, 246]
36 [236, 107]
36 [5, 119]
36 [155, 245]
36 [115, 152]
36 [37, 226]
36 [34, 104]
36 [234, 106]
36 [220, 184]
36 [162, 94]
36 [43, 173]
36 [97, 95]
36 [193, 181]
36 [167, 170]
36 [111, 19]
36 [126, 9]
36 [5, 18]
36 [159, 79]
36 [254, 70]
36 [81, 114]
36 [72, 93]
36 [114, 157]
36 [252, 162]
36 [157, 80]
36 [162, 43]
36 [119, 152]
36 [242, 95]
36 [233, 159]
36 [148, 126]
36 [221, 224]
36 [155, 234]
36 [193, 142]
36 [154, 221]
36 [38, 168]
36 [173, 15]
36 [33, 44]
36 [170, 134]
36 [139, 155]
36 [47, 107]
36 [111, 150]
36 [226, 78]
36 [35, 182]
36 [184, 113]
36 [123, 160]
36 [91, 104]
36 [252, 1]
36 [158, 146]
36 [29, 44]
36 [113, 109]
36 [184, 194]
36 [155, 222]
36 [179, 210]
36 [88, 226]
36 [178, 45]
36 [188, 193]
36 [131, 44]
36 [182, 50]
36 [236, 65]
36 [197, 250]
36 [134, 92]
36 [54, 78]
36 [12, 92]
36 [77, 181]
36 [58, 120]
36 [241, 222]
36 [65, 25]
36 [231, 105]
36 [79, 91]
36 [216, 165]
36 [205, 184]
36 [1, 78]
36 [186, 201]
36 [11, 249]
36 [181, 222]
36 [98, 176]
36 [110, 223]
36 [173, 59]
36 [1, 132]
36 [121, 62]
36 [78, 126]
36 [193, 170]
36 [135, 150]
36 [119, 148]
36 [42, 230]
36 [122, 10]
36 [50, 23]
36 [87, 89]
36 [176, 207]
36 [247, 163]
36 [14, 110]
36 [207, 207]
36 [215, 14]
36 [126, 105]
36 [108, 80]
36 [15, 69]
36 [128, 31]
36 [163, 202]
36 [106, 186]
36 [49, 49]
36 [189, 13]
36 [59, 122]
36 [204, 187]
36 [76, 22]
36 [139, 131]
36 [227, 131]
36 [170, 209]
36 [168, 222]
36 [80, 35]
36 [19, 56]
36 [39, 119]
36 [188, 70]
36 [103, 107]
36 [202, 62]
36 [30, 253]
36 [42, 171]
36 [251, 146]
36 [102, 131]
36 [243, 204]
36 [114, 182]
36 [244, 30]
36 [48, 162]
36 [239, 64]
36 [142, 177]
36 [198, 233]
36 [220, 16]
36 [254, 76]
36 [235, 211]
36 [17, 88]
36 [29, 190]
36 [22, 79]
36 [4, 51]
36 [106, 250]
36 [195, 175]
36 [176, 250]
36 [75, 133]
36 [93, 22]
36 [239, 122]
36 [94, 101]
36 [228, 245]
36 [78, 212]
36 [183, 239]
36 [254, 50]
36 [229, 144]
36 [187, 113]
36 [93, 156]
36 [118, 53]
36 [119, 56]
36 [113, 159]
36 [185, 36]
36 [219, 5]
36 [250, 166]
36 [218, 92]
36 [182, 198]
36 [115, 13]
36 [11, 11]
36 [183, 10]
36 [15, 50]
36 [0, 198]
36 [106, 65]
36 [104, 140]
36 [95, 95]
36 [62, 77]
36 [111, 142]
36 [91, 196]
36 [12, 99]
36 [205, 13]
36 [143, 244]
36 [205, 217]
36 [164, 86]
36 [108, 132]
36 [228, 222]
36 [173, 127]
36 [254, 196]
36 [199, 102]
36 [184, 51]
36 [224, 222]
36 [67, 190]
36 [235, 247]
36 [205, 38]
36 [246, 48]
36 [98, 99]
36 [55, 74]
36 [74, 135]
36 [17, 211]
36 [212, 167]
36 [162, 223]
36 [229, 163]
36 [71, 132]
36 [97, 19]
36 [97, 194]
36 [78, 183]
36 [87, 47]
36 [219, 59]
36 [122, 47]
36 [126, 239]
36 [117, 98]
36 [38, 59]
36 [161, 71]
36 [254, 73]
36 [230, 134]
36 [137, 122]
36 [12, 78]
36 [47, 237]
36 [12, 84]
36 [190, 228]
36 [91, 87]
36 [125, 181]
36 [91, 76]
36 [83, 56]
36 [50, 150]
36 [138, 209]
36 [184, 141]
36 [72, 21]
36 [66, 193]
36 [91, 167]
36 [224, 227]
36 [112, 175]
36 [139, 21]
36 [12, 199]
36 [250, 74]
36 [106, 176]
36 [131, 115]
36 [216, 54]
36 [139, 102]
36 [203, 241]
36 [1, 236]
36 [170, 196]
36 [175, 147]
36 [33, 16]
36 [77, 68]
36 [146, 166]
36 [144, 165]
36 [249, 217]
36 [19, 111]
36 [219, 235]
36 [197, 75]
36 [68, 200]
36 [181, 197]
36 [166, 216]
36 [221, 135]
36 [86, 28]
36 [242, 16]
36 [41, 53]
36 [152, 151]
36 [253, 21]
36 [126, 48]
36 [57, 121]
36 [238, 124]
36 [84, 173]
36 [238, 249]
36 [123, 154]
36 [2, 35]
36 [188, 77]
36 [118, 145]
36 [194, 58]
36 [62, 105]
36 [43, 52]
36 [151, 197]
36 [222, 130]
36 [151, 145]
36 [17, 225]
36 [116, 58]
36 [82, 72]
36 [11, 7]
36 [92, 247]
36 [99, 162]
36 [239, 86]
36 [224, 153]
36 [98, 242]
36 [159, 247]
36 [212, 168]
36 [250, 209]
36 [171, 21]
36 [133, 108]
36 [151, 223]
36 [48, 59]
36 [158, 238]
36 [179, 75]
36 [185, 254]
36 [240, 6]
36 [81, 215]
36 [42, 111]
36 [96, 241]
36 [195, 242]
36 [33, 116]
36 [100, 156]
36 [51, 235]
36 [14, 82]
36 [91, 26]
36 [3, 175]
36 [103, 147]
36 [108, 92]
36 [120, 173]
36 [61, 199]
36 [127, 252]
36 [56, 116]
36 [195, 74]
36 [74, 238]
36 [168, 187]
36 [127, 174]
36 [190, 0]
36 [48, 214]
36 [60, 67]
36 [93, 49]
36 [77, 97]
36 [126, 54]
36 [59, 16]
36 [129, 103]
36 [2, 205]
36 [249, 151]
36 [105, 20]
36 [92, 82]
36 [205, 97]
36 [246, 80]
36 [55, 1]
36 [47, 43]
36 [98, 148]
36 [61, 51]
36 [86, 165]
36 [94, 156]
36 [188, 68]
36 [196, 100]
36 [158, 142]
36 [57, 45]
36 [184, 122]
36 [32, 199]
36 [184, 3]
36 [236, 52]
36 [210, 176]
36 [77, 235]
36 [89, 130]
36 [164, 158]
36 [1, 169]
36 [103, 73]
36 [125, 178]
36 [168, 91]
36 [189, 32]
36 [22, 39]
36 [48, 55]
36 [29, 25]
36 [82, 135]
36 [121, 190]
36 [118, 203]
36 [102, 193]
36 [199, 88]
36 [0, 22]
36 [91, 88]
36 [89, 186]
36 [99, 184]
36 [179, 220]
36 [49, 168]
36 [156, 84]
36 [170, 183]
36 [234, 235]
36 [184, 179]
36 [72, 176]
36 [138, 58]
36 [48, 41]
36 [14, 78]
36 [81, 129]
36 [5, 110]
36 [145, 101]
36 [195, 227]
36 [242, 202]
36 [212, 149]
36 [95, 144]
36 [37, 10]
36 [64, 95]
36 [7, 136]
36 [63, 20]
36 [100, 164]
36 [185, 130]
36 [157, 217]
36 [109, 248]
36 [109, 202]
36 [49, 39]
36 [15, 249]
36 [112, 86]
36 [42, 183]
36 [31, 240]
36 [182, 70]
36 [189, 172]
36 [117, 37]
36 [25, 8]
36 [127, 121]
36 [20, 104]
36 [117, 211]
36 [197, 164]
36 [199, 39]
36 [152, 65]
36 [137, 251]
36 [108, 49]
36 [226, 230]
36 [78, 14]
36 [186, 184]
36 [175, 0]
36 [11, 35]
36 [71, 2]
36 [2, 210]
36 [155, 61]
36 [145, 48]
36 [190, 154]
36 [33, 154]
36 [168, 30]
36 [203, 227]
36 [55, 138]
36 [181, 3]
36 [146, 88]
36 [233, 242]
36 [250, 149]
36 [242, 231]
36 [218, 48]
36 [33, 173]
36 [36, 5]
36 [215, 49]
36 [199, 56]
36 [168, 125]
36 [81, 249]
36 [201, 240]
36 [177, 143]
36 [227, 95]
36 [53, 88]
36 [16, 68]
36 [237, 190]
36 [210, 95]
36 [32, 222]
36 [190, 173]
36 [248, 12]
36 [109, 85]
36 [207, 224]
36 [21, 56]
36 [80, 167]
36 [158, 158]
36 [240, 46]
36 [156, 221]
36 [97, 173]
36 [5, 30]
36 [109, 101]
36 [12, 67]
36 [86, 11]
36 [69, 11]
36 [136, 128]
36 [85, 254]
36 [118, 247]
36 [15, 81]
36 [13, 140]
36 [183, 51]
36 [77, 38]
36 [53, 25]
36 [208, 134]
36 [82, 156]
36 [204, 240]
36 [90, 146]
36 [184, 42]
36 [85, 208]
36 [23, 118]
36 [81, 49]
36 [161, 252]
36 [11, 154]
36 [59, 65]
36 [165, 122]
36 [147, 60]
36 [169, 51]
36 [60, 161]
36 [138, 1]
36 [23, 142]
36 [79, 82]
36 [247, 38]
36 [81, 32]
36 [56, 44]
36 [148, 98]
36 [77, 149]
36 [53, 128]
36 [75, 238]
36 [123, 86]
36 [83, 139]
36 [82, 168]
36 [33, 233]
36 [83, 225]
36 [21, 25]
36 [158, 248]
36 [23, 245]
36 [41, 249]
36 [70, 246]
36 [39, 150]
36 [20, 98]
36 [196, 18]
36 [53, 124]
36 [18, 151]
36 [137, 141]
36 [168, 251]
36 [66, 27]
36 [92, 78]
36 [31, 53]
36 [204, 231]
36 [203, 69]
36 [179, 8]
36 [131, 221]
36 [175, 196]
36 [143, 167]
36 [193, 233]
36 [225, 129]
36 [138, 214]
36 [225, 21]
36 [134, 24]
36 [38, 214]
36 [84, 119]
36 [40, 9]
36 [203, 253]
36 [103, 49]
36 [158, 52]
36 [195, 73]
36 [60, 57]
36 [6, 181]
36 [148, 151]
36 [112, 155]
36 [51, 219]
36 [190, 101]
36 [56, 153]
36 [83, 44]
36 [129, 6]
36 [40, 191]
36 [215, 75]
36 [169, 38]
36 [226, 100]
36 [113, 29]
36 [68, 67]
36 [188, 215]
36 [185, 11]
36 [44, 183]
36 [228, 65]
36 [94, 67]
36 [193, 2]
36 [188, 219]
36 [25, 6]
36 [208, 174]
36 [38, 100]
36 [121, 122]
36 [136, 14]
36 [100, 230]
36 [211, 64]
36 [97, 59]
36 [188, 52]
36 [123, 127]
36 [90, 55]
36 [239, 88]
36 [187, 198]
36 [199, 66]
36 [23, 214]
36 [54, 203]
36 [167, 220]
36 [77, 253]
36 [37, 213]
36 [153, 168]
36 [204, 202]
36 [76, 12]
36 [165, 54]
36 [148, 30]
36 [186, 132]
36 [57, 28]
36 [252, 139]
36 [142, 239]
36 [58, 236]
36 [208, 98]
36 [164, 209]
36 [130, 48]
36 [2, 59]
36 [152, 5]
36 [40, 103]
36 [105, 104]
36 [225, 245]
36 [251, 81]
36 [135, 90]
36 [165, 34]
36 [131, 217]
36 [32, 118]
36 [26, 23]
36 [145, 149]
36 [43, 242]
36 [183, 130]
36 [11, 97]
36 [57, 212]
36 [50, 23]
36 [0, 116]
36 [122, 46]
36 [206, 197]
36 [24, 214]
36 [126, 176]
36 [51, 89]
36 [231, 104]
36 [132, 185]
36 [7, 103]
36 [72, 165]
36 [223, 137]
36 [170, 17]
36 [34, 220]
36 [237, 156]
36 [137, 52]
36 [151, 121]
36 [46, 206]
36 [178, 61]
36 [196, 73]
36 [100, 100]
36 [250, 78]
36 [214, 131]
36 [188, 143]
36 [242, 75]
36 [211, 19]
36 [16, 158]
36 [128, 88]
36 [161, 14]
36 [80, 139]
36 [8, 226]
36 [188, 143]
36 [16, 216]
36 [52, 112]
36 [195, 133]
36 [207, 227]
36 [43, 81]
36 [37, 194]
36 [249, 37]
36 [175, 252]
36 [122, 51]
36 [54, 113]
36 [57, 128]
36 [142, 192]
36 [17, 198]
36 [151, 223]
36 [124, 187]
36 [115, 73]
36 [108, 115]
36 [239, 213]
36 [241, 63]
36 [172, 122]
36 [143, 240]
36 [144, 206]
36 [173, 57]
36 [31, 210]
36 [90, 42]
36 [217, 195]
36 [212, 84]
36 [215, 107]
36 [199, 96]
36 [17, 175]
36 [180, 116]
36 [137, 133]
36 [240, 220]
36 [52, 6]
36 [186, 184]
36 [175, 52]
36 [180, 52]
36 [196, 50]
36 [142, 153]
36 [13, 252]
36 [240, 69]
36 [26, 252]
36 [10, 55]
36 [208, 3]
36 [145, 79]
36 [160, 56]
36 [61, 206]
36 [197, 175]
36 [250, 112]
36 [225, 23]
36 [227, 102]
36 [98, 164]
36 [41, 167]
36 [132, 16]
36 [171, 230]
36 [81, 66]
36 [35, 206]
36 [127, 70]
36 [116, 211]
36 [238, 79]
36 [135, 19]
36 [178, 8]
36 [97, 75]
36 [27, 230]
36 [229, 247]
36 [212, 33]
36 [118, 68]
36 [62, 254]
36 [120, 138]
36 [41, 89]
36 [140, 144]
36 [44, 160]
36 [229, 212]
36 [159, 47]
36 [237, 24]
36 [116, 3]
36 [153, 136]
36 [123, 93]
36 [27, 229]
36 [36, 109]
36 [1, 236]
36 [177, 181]
36 [182, 61]
36 [227, 83]
36 [174, 93]
36 [210, 61]
36 [127, 227]
36 [67, 61]
36 [147, 96]
36 [41, 163]
36 [158, 55]
36 [30, 100]
36 [64, 216]
36 [207, 148]
36 [81, 5]
36 [151, 238]
36 [94, 198]
36 [57, 90]
36 [130, 124]
36 [9, 159]
36 [183, 52]
36 [192, 186]
36 [162, 193]
36 [134, 120]
36 [55, 163]
36 [8, 81]
36 [190, 152]
36 [247, 143]
36 [190, 199]
36 [251, 85]
36 [161, 131]
36 [160, 98]
36 [142, 162]
36 [146, 93]
36 [158, 63]
36 [186, 219]
36 [224, 205]
36 [115, 81]
36 [70, 197]
36 [158, 159]
36 [49, 228]
36 [69, 112]
36 [129, 130]
36 [236, 127]
36 [199, 246]
36 [143, 106]
36 [153, 37]
36 [138, 246]
36 [180, 205]
36 [144, 236]
36 [215, 159]
36 [162, 159]
36 [76, 65]
36 [10, 252]
36 [29, 9]
36 [51, 15]
36 [212, 61]
36 [221, 97]
36 [24, 137]
36 [48, 247]
36 [119, 197]
36 [60, 133]
36 [197, 94]
36 [26, 187]
36 [231, 78]
36 [195, 161]
36 [60, 99]
36 [215, 195]
36 [241, 113]
36 [17, 95]
36 [243, 154]
36 [245, 179]
36 [39, 70]
36 [201, 90]
36 [187, 254]
36 [144, 250]
36 [117, 17]
36 [11, 61]
36 [37, 154]
36 [3, 52]
36 [10, 70]
36 [248, 121]
36 [193, 75]
36 [85, 87]
36 [186, 13]
36 [62, 230]
36 [118, 137]
36 [115, 27]
36 [55, 93]
36 [181, 218]
36 [229, 71]
36 [14, 166]
36 [127, 130]
36 [16, 72]
36 [124, 107]
36 [38, 251]
36 [217, 207]
36 [35, 212]
36 [251, 165]
36 [156, 157]
36 [221, 165]
36 [68, 246]
36 [132, 38]
36 [24, 134]
36 [165, 184]
36 [139, 118]
36 [210, 139]
36 [75, 210]
36 [66, 101]
36 [237, 236]
36 [88, 193]
36 [190, 237]
36 [159, 210]
36 [253, 104]
36 [92, 59]
36 [94, 19]
36 [19, 162]
36 [10, 130]
36 [116, 32]
36 [246, 228]
36 [149, 217]
36 [10, 18]
36 [56, 60]
36 [188, 234]
36 [239, 41]
36 [220, 92]
36 [165, 173]
36 [102, 241]
36 [41, 201]
36 [19, 152]
36 [7, 100]
36 [58, 143]
36 [156, 26]
36 [10, 127]
36 [140, 38]
36 [184, 94]
36 [48, 208]
36 [216, 37]
36 [178, 250]
36 [228, 182]
36 [22, 155]
36 [56, 49]
36 [45, 135]
36 [5, 105]
36 [17, 7]
36 [80, 131]
36 [239, 243]
36 [76, 50]
36 [251, 223]
36 [197, 113]
36 [238, 9]
36 [201, 123]
36 [138, 244]
36 [63, 84]
36 [159, 236]
36 [74, 105]
36 [102, 19]
36 [125, 11]
36 [226, 93]
36 [186, 222]
36 [131, 33]
36 [247, 68]
36 [234, 67]
36 [189, 232]
36 [193, 201]
36 [31, 30]
36 [201, 180]
36 [100, 222]
36 [24, 138]
36 [122, 92]
36 [38, 166]
36 [87, 158]
36 [232, 115]
36 [133, 253]
36 [151, 90]
36 [80, 49]
36 [213, 59]
36 [104, 174]
36 [103, 221]
36 [29, 4]
36 [228, 197]
36 [51, 16]
36 [166, 103]
36 [216, 136]
36 [116, 226]
36 [182, 137]
36 [23, 86]
36 [196, 87]
36 [183, 12]
36 [5, 74]
36 [254, 122]
36 [7, 92]
36 [71, 27]
36 [211, 232]
36 [179, 73]
36 [88, 15]
36 [141, 175]
36 [163, 69]
36 [30, 165]
36 [21, 217]
36 [223, 64]
36 [56, 248]
36 [172, 37]
36 [251, 128]
36 [43, 116]
36 [187, 202]
36 [56, 213]
36 [116, 153]
36 [79, 146]
36 [238, 9]
36 [127, 195]
36 [169, 50]
36 [250, 18]
36 [93, 188]
36 [148, 44]
36 [22, 115]
36 [246, 64]
36 [75, 201]
36 [161, 114]
36 [199, 94]
36 [89, 38]
36 [54, 59]
36 [79, 208]
36 [168, 118]
36 [187, 180]
36 [240, 99]
36 [147, 251]
36 [35, 191]
36 [16, 190]
36 [57, 7]
36 [164, 126]
36 [227, 49]
36 [51, 186]
36 [143, 99]
36 [86, 117]
36 [5, 56]
36 [174, 223]
36 [243, 23]
36 [139, 192]
36 [199, 128]
36 [158, 3]
36 [198, 240]
36 [180, 135]
36 [73, 221]
36 [209, 187]
36 [222, 67]
36 [224, 45]
36 [41, 63]
36 [126, 11]
36 [110, 93]
36 [189, 99]
36 [213, 190]
36 [227, 208]
36 [66, 174]
36 [148, 16]
36 [140, 241]
36 [179, 200]
36 [215, 11]
36 [54, 51]
36 [144, 240]
36 [112, 217]
36 [223, 174]
36 [142, 164]
36 [108, 188]
36 [232, 33]
36 [250, 64]
36 [46, 209]
36 [76, 2]
36 [212, 20]
36 [108, 199]
36 [200, 197]
36 [226, 29]
36 [87, 144]
36 [205, 193]
36 [160, 100]
36 [246, 54]
36 [180, 123]
36 [49, 49]
36 [191, 93]
36 [14, 225]
36 [156, 54]
36 [74, 224]
36 [216, 49]
36 [249, 229]
36 [102, 248]
36 [150, 107]
36 [229, 76]
36 [151, 145]
36 [53, 60]
36 [34, 33]
36 [229, 134]
36 [59, 45]
36 [225, 39]
36 [213, 120]
36 [160, 150]
36 [55, 18]
36 [10, 198]
36 [171, 200]
36 [69, 142]
36 [106, 7]
36 [221, 211]
36 [91, 233]
36 [4, 241]
36 [6, 197]
36 [97, 40]
36 [198, 106]
36 [135, 242]
36 [65, 106]
36 [144, 48]
36 [45, 12]
36 [26, 120]
36 [114, 197]
36 [10, 80]
36 [246, 158]
36 [169, 122]
36 [229, 131]
36 [125, 74]
36 [142, 71]
36 [20, 254]
36 [176, 193]
36 [91, 154]
36 [174, 122]
36 [179, 18]
36 [219, 47]
36 [102, 238]
36 [44, 48]
36 [193, 137]
36 [111, 197]
36 [115, 132]
36 [213, 130]
36 [194, 114]
36 [92, 14]
36 [47, 238]
36 [89, 231]
36 [59, 238]
36 [240, 213]
36 [187, 180]
36 [136, 114]
36 [186, 200]
36 [128, 168]
36 [251, 143]
36 [123, 224]
36 [49, 163]
36 [48, 146]
36 [99, 146]
36 [147, 77]
36 [56, 180]
36 [105, 135]
36 [108, 34]
36 [101, 42]
36 [4, 136]
36 [175, 163]
36 [180, 200]
36 [161, 63]
36 [42, 108]
36 [192, 249]
36 [12, 187]
36 [227, 127]
36 [45, 80]
36 [175, 241]
36 [213, 238]
36 [168, 104]
36 [168, 199]
36 [91, 9]
36 [13, 85]
36 [107, 200]
36 [43, 44]
36 [146, 65]
36 [218, 45]
36 [125, 70]
36 [25, 195]
36 [178, 218]
36 [69, 45]
36 [170, 46]
36 [8, 122]
36 [207, 225]
36 [169, 35]
36 [132, 24]
36 [134, 67]
36 [195, 81]
36 [223, 228]
36 [194, 230]
36 [64, 205]
36 [162, 13]
36 [250, 16]
36 [159, 127]
36 [206, 55]
36 [112, 53]
36 [243, 18]
36 [132, 69]
36 [133, 101]
36 [22, 39]
36 [58, 187]
36 [216, 1]
36 [30, 171]
36 [65, 23]
36 [27, 157]
36 [138, 96]
36 [116, 77]
36 [194, 55]
36 [100, 79]
36 [38, 229]
36 [238, 3]
36 [172, 15]
36 [84, 132]
36 [47, 193]
36 [97, 79]
36 [64, 2]
36 [238, 216]
36 [246, 151]
36 [212, 69]
36 [39, 93]
36 [32, 32]
36 [166, 15]
36 [81, 183]
36 [0, 167]
36 [233, 185]
36 [111, 28]
36 [253, 56]
36 [49, 153]
36 [9, 28]
36 [177, 128]
36 [59, 231]
36 [105, 127]
36 [5, 128]
36 [54, 98]
36 [176, 180]
36 [253, 171]
36 [252, 30]
36 [159, 112]
36 [149, 204]
36 [23, 150]
36 [104, 21]
36 [109, 205]
36 [180, 146]
36 [76, 123]
36 [205, 47]
36 [22, 227]
36 [115, 111]
36 [240, 18]
36 [57, 102]
36 [4, 134]
36 [88, 95]
36 [118, 214]
36 [116, 30]
36 [184, 34]
36 [100, 251]
36 [76, 169]
36 [123, 164]
36 [84, 113]
36 [106, 7]
36 [194, 42]
36 [163, 176]
36 [120, 116]
36 [12, 22]
36 [87, 38]
36 [175, 14]
36 [246, 133]
36 [163, 109]
36 [115, 180]
36 [107, 102]
36 [52, 56]
36 [162, 131]
36 [35, 93]
36 [190, 195]
36 [60, 217]
36 [98, 4]
36 [201, 79]
36 [63, 169]
36 [222, 53]
36 [56, 127]
36 [249, 241]
36 [250, 60]
36 [7, 200]
36 [37, 6]
36 [126, 209]
36 [30, 99]
36 [109, 113]
36 [171, 37]
36 [192, 44]
36 [226, 69]
36 [2, 144]
36 [187, 89]
36 [211, 159]
36 [38, 68]
36 [254, 18]
36 [93, 154]
36 [181, 120]
36 [71, 8]
36 [79, 212]
36 [137, 81]
36 [23, 57]
36 [225, 220]
36 [221, 196]
36 [165, 238]
36 [30, 158]
36 [106, 248]
36 [108, 101]
36 [181, 191]
36 [143, 92]
36 [44, 30]
36 [169, 135]
36 [26, 222]
36 [76, 171]
36 [122, 17]
36 [78, 231]
36 [137, 253]
36 [76, 215]
36 [92, 191]
36 [232, 26]
36 [18, 162]
36 [114, 109]
36 [83, 251]
36 [28, 108]
36 [213, 157]
36 [250, 88]
36 [87, 99]
36 [51, 220]
36 [250, 148]
36 [172, 2]
36 [183, 29]
36 [76, 139]
36 [216, 16]
36 [84, 16]
36 [61, 60]
36 [135, 143]
36 [167, 75]
36 [253, 213]
36 [245, 31]
36 [108, 56]
36 [16, 249]
36 [228, 119]
36 [246, 47]
36 [248, 141]
36 [66, 200]
36 [54, 90]
36 [132, 169]
36 [253, 182]
36 [15, 197]
36 [149, 85]
36 [41, 240]
36 [130, 75]
36 [229, 114]
36 [83, 101]
36 [237, 206]
36 [189, 192]
36 [188, 59]
36 [16, 220]
36 [59, 162]
36 [159, 80]
36 [21, 113]
36 [212, 136]
36 [155, 173]
36 [124, 105]
36 [180, 247]
36 [177, 46]
36 [200, 59]
36 [197, 42]
36 [45, 64]
36 [59, 160]
36 [18, 28]
36 [247, 185]
36 [75, 176]
36 [223, 168]
36 [227, 252]
36 [3, 114]
36 [139, 114]
36 [37, 233]
36 [227, 133]
36 [232, 250]
36 [36, 193]
36 [168, 21]
36 [48, 28]
36 [212, 180]
36 [247, 63]
36 [46, 172]
36 [199, 221]
36 [28, 98]
36 [218, 62]
36 [186, 111]
36 [66, 102]
36 [16, 199]
36 [215, 233]
36 [79, 157]
36 [234, 252]
36 [140, 186]
36 [237, 95]
36 [220, 85]
36 [184, 252]
36 [49, 43]
36 [167, 183]
36 [207, 61]
36 [142, 211]
36 [130, 239]
36 [57, 29]
36 [55, 58]
36 [98, 40]
36 [208, 153]
36 [189, 211]
36 [69, 195]
36 [139, 122]
36 [1, 62]
36 [150, 146]
36 [129, 149]
36 [183, 82]
36 [146, 173]
36 [74, 71]
36 [42, 195]
36 [202, 33]
36 [243, 4]
36 [116, 176]
36 [72, 232]
36 [124, 87]
36 [8, 124]
36 [98, 121]
36 [76, 75]
36 [31, 183]
36 [49, 8]
36 [17, 88]
36 [128, 117]
36 [209, 251]
36 [175, 60]
36 [78, 124]
36 [205, 224]
36 [59, 226]
36 [175, 44]
36 [116, 163]
36 [215, 29]
36 [39, 133]
36 [98, 41]
36 [167, 145]
36 [3, 14]
36 [96, 222]
36 [120, 85]
36 [81, 18]
36 [33, 118]
36 [74, 121]
36 [9, 206]
36 [1, 196]
36 [56, 253]
36 [191, 25]
36 [237, 192]
36 [80, 123]
36 [167, 187]
36 [11, 8]
36 [30, 85]
36 [197, 220]
36 [40, 170]
36 [236, 40]
36 [168, 142]
36 [72, 55]
36 [42, 69]
36 [105, 191]
36 [70, 207]
36 [44, 168]
36 [177, 78]
36 [41, 70]
36 [158, 129]
36 [136, 192]
36 [130, 21]
36 [147, 110]
36 [240, 124]
36 [26, 247]
36 [21, 118]
36 [209, 0]
36 [69, 129]
36 [91, 210]
36 [243, 93]
36 [130, 176]
36 [42, 179]
36 [196, 242]
36 [247, 42]
36 [203, 47]
36 [215, 157]
36 [30, 246]
36 [29, 128]
36 [12, 225]
36 [34, 54]
36 [192, 115]
36 [217, 26]
36 [42, 77]
36 [160, 156]
36 [160, 125]
36 [104, 176]
36 [50, 254]
36 [125, 152]
36 [216, 8]
36 [151, 158]
36 [210, 154]
36 [154, 9]
36 [181, 66]
36 [187, 71]
36 [168, 25]
36 [178, 160]
36 [215, 8]
36 [207, 152]
36 [135, 24]
36 [62, 220]
36 [12, 167]
36 [234, 3]
36 [222, 60]
36 [244, 11]
36 [216, 210]
36 [39, 82]
36 [72, 166]
36 [15, 152]
36 [64, 93]
36 [209, 40]
36 [37, 22]
36 [42, 96]
36 [202, 136]
36 [60, 114]
36 [64, 248]
36 [244, 94]
36 [58, 150]
36 [130, 105]
36 [171, 24]
36 [166, 129]
36 [202, 241]
36 [35, 112]
36 [21, 182]
36 [88, 244]
36 [204, 70]
36 [2, 149]
36 [148, 169]
36 [149, 189]
36 [118, 215]
36 [24, 129]
36 [247, 174]
36 [123, 79]
36 [250, 61]
36 [122, 118]
36 [32, 199]
36 [210, 170]
36 [63, 200]
36 [109, 156]
36 [207, 4]
36 [183, 217]
36 [103, 87]
36 [168, 168]
36 [65, 246]
36 [15, 44]
36 [12, 24]
36 [185, 222]
36 [114, 168]
36 [204, 98]
36 [194, 108]
36 [51, 58]
36 [178, 82]
36 [175, 101]
36 [208, 84]
36 [119, 144]
36 [97, 110]
36 [160, 193]
36 [24, 27]
36 [158, 9]
36 [196, 250]
36 [19, 55]
36 [9, 147]
36 [42, 140]
36 [12, 130]
36 [149, 1]
36 [88, 118]
36 [253, 101]
36 [149, 61]
36 [14, 189]
36 [218, 225]
36 [215, 109]
36 [200, 235]
36 [154, 250]
36 [168, 158]
36 [111, 171]
36 [86, 141]
36 [140, 120]
36 [142, 96]
36 [162, 66]
36 [139, 29]
36 [24, 105]
36 [49, 52]
36 [129, 108]
36 [72, 241]
36 [230, 48]
36 [192, 1]
36 [2, 2]
36 [138, 211]
36 [175, 51]
36 [13, 155]
36 [24, 18]
36 [134, 186]
36 [33, 63]
36 [218, 148]
36 [64, 93]
36 [11, 95]
36 [248, 182]
36 [7, 58]
36 [35, 6]
36 [39, 175]
36 [9, 49]
36 [201, 198]
36 [155, 2]
36 [158, 171]
36 [75, 153]
36 [140, 105]
36 [70, 20]
36 [115, 167]
36 [35, 36]
36 [6, 46]
36 [154, 189]
36 [88, 59]
36 [74, 35]
36 [89, 231]
36 [222, 125]
36 [103, 223]
36 [164, 106]
36 [150, 155]
36 [27, 161]
36 [149, 80]
36 [238, 152]
36 [61, 238]
36 [182, 162]
36 [122, 222]
36 [185, 23]
36 [50, 3]
36 [21, 252]
36 [174, 198]
36 [172, 21]
36 [182, 69]
36 [127, 231]
36 [131, 179]
36 [198, 20]
36 [24, 77]
36 [121, 1]
36 [47, 4]
36 [50, 14]
36 [207, 47]
36 [205, 144]
36 [238, 125]
36 [29, 102]
36 [188, 156]
36 [101, 22]
36 [140, 36]
36 [88, 113]
36 [89, 66]
36 [74, 122]
36 [148, 188]
36 [246, 86]
36 [175, 175]
36 [67, 126]
36 [225, 25]
36 [202, 183]
36 [208, 111]
36 [148, 69]
36 [218, 240]
36 [139, 159]
36 [188, 124]
36 [3, 195]
36 [165, 122]
36 [140, 128]
36 [19, 134]
36 [109, 191]
36 [138, 99]
36 [86, 198]
36 [68, 24]
36 [46, 252]
36 [14, 173]
36 [248, 71]
36 [211, 242]
36 [170, 161]
36 [24, 187]
36 [66, 119]
36 [207, 64]
36 [85, 166]
36 [157, 61]
36 [54, 139]
36 [113, 147]
36 [78, 111]
36 [196, 39]
36 [148, 130]
36 [234, 61]
36 [47, 22]
36 [8, 214]
36 [9, 244]
36 [50, 58]
36 [29, 177]
36 [228, 71]
36 [37, 123]
36 [95, 146]
36 [193, 250]
36 [237, 53]
36 [26, 71]
36 [131, 22]
36 [98, 143]
36 [81, 158]
36 [168, 239]
36 [207, 43]
36 [231, 42]
36 [9, 72]
36 [22, 39]
36 [198, 32]
36 [176, 44]
36 [54, 110]
36 [56, 110]
36 [216, 133]
36 [4, 162]
36 [238, 156]
36 [89, 44]
36 [157, 234]
36 [240, 180]
36 [78, 9]
36 [224, 240]
36 [111, 234]
36 [120, 114]
36 [246, 51]
36 [190, 220]
36 [100, 74]
36 [162, 20]
36 [47, 6]
36 [120, 134]
36 [176, 99]
36 [152, 138]
36 [52, 34]
36 [248, 155]
36 [97, 221]
36 [13, 2]
36 [122, 236]
36 [56, 183]
36 [124, 122]
36 [244, 180]
36 [135, 185]
36 [221, 64]
36 [188, 67]
36 [115, 202]
36 [59, 171]
36 [15, 27]
36 [156, 33]
36 [11, 94]
36 [218, 183]
36 [248, 198]
36 [151, 11]
36 [176, 161]
36 [54, 103]
36 [4, 236]
36 [18, 75]
36 [42, 154]
36 [143, 0]
36 [69, 8]
36 [25, 6]
36 [86, 50]
36 [252, 18]
36 [89, 234]
36 [84, 99]
36 [51, 233]
36 [52, 120]
36 [214, 170]
36 [116, 158]
36 [194, 251]
36 [134, 163]
36 [80, 196]
36 [112, 119]
36 [25, 213]
36 [124, 85]
36 [185, 91]
36 [253, 225]
36 [67, 182]
36 [74, 172]
36 [205, 169]
36 [202, 31]
36 [244, 115]
36 [52, 186]
36 [133, 218]
36 [26, 130]
36 [122, 183]
36 [59, 108]
36 [193, 233]
36 [228, 105]
36 [19, 168]
36 [11, 109]
36 [175, 251]
36 [107, 148]
36 [84, 215]
36 [229, 228]
36 [27, 59]
36 [113, 136]
36 [13, 231]
36 [219, 213]
36 [81, 171]
36 [212, 93]
36 [122, 55]
36 [7, 45]
36 [213, 6]
36 [51, 15]
36 [205, 61]
36 [103, 38]
36 [204, 52]
36 [214, 51]
36 [1, 221]
36 [63, 191]
36 [168, 210]
36 [202, 115]
36 [189, 59]
36 [176, 212]
36 [28, 201]
36 [136, 42]
36 [54, 103]
36 [109, 118]
36 [145, 45]
36 [173, 157]
36 [206, 245]
36 [91, 88]
36 [99, 124]
36 [101, 161]
36 [43, 239]
36 [101, 110]
36 [134, 225]
36 [209, 12]
36 [108, 69]
36 [239, 105]
36 [172, 30]
36 [213, 50]
36 [209, 24]
36 [12, 4]
36 [2, 247]
36 [55, 31]
36 [115, 10]
36 [151, 231]
36 [146, 107]
36 [47, 240]
36 [93, 57]
36 [127, 2]
36 [196, 221]
36 [202, 70]
36 [140, 233]
36 [132, 33]
36 [157, 115]
36 [238, 26]
36 [204, 18]
36 [51, 52]
36 [107, 124]
36 [66, 215]
36 [25, 31]
36 [155, 87]
36 [52, 28]
36 [191, 79]
36 [221, 24]
36 [221, 70]
36 [98, 69]
36 [180, 89]
36 [101, 139]
36 [55, 84]
36 [113, 10]
36 [194, 67]
36 [80, 40]
36 [123, 176]
36 [126, 91]
36 [254, 62]
36 [214, 153]
36 [24, 162]
36 [92, 236]
36 [57, 108]
36 [36, 139]
36 [84, 44]
36 [44, 0]
36 [241, 254]
36 [104, 130]
36 [169, 187]
36 [166, 33]
36 [211, 23]
36 [140, 22]
36 [71, 191]
36 [203, 160]
36 [5, 172]
36 [166, 105]
36 [234, 13]
36 [75, 69]
36 [94, 180]
36 [139, 167]
36 [243, 127]
36 [2, 222]
36 [102, 32]
36 [200, 88]
36 [107, 75]
36 [132, 68]
36 [214, 118]
36 [218, 21]
36 [149, 131]
36 [248, 100]
36 [27, 192]
36 [246, 91]
36 [15, 152]
36 [251, 114]
36 [161, 90]
36 [78, 2]
36 [5, 224]
36 [58, 173]
36 [241, 106]
36 [210, 43]
36 [196, 226]
36 [228, 219]
36 [235, 135]
36 [101, 76]
36 [207, 241]
36 [44, 189]
36 [241, 250]
36 [41, 163]
36 [55, 16]
36 [225, 253]
36 [128, 29]
36 [32, 78]
36 [178, 208]
36 [97, 64]
36 [40, 39]
36 [191, 119]
36 [188, 92]
36 [217, 125]
36 [65, 137]
36 [22, 121]
36 [159, 34]
36 [134, 208]
36 [132, 226]
36 [100, 240]
36 [205, 96]
36 [38, 15]
36 [105, 184]
36 [116, 55]
36 [45, 54]
36 [65, 148]
36 [149, 36]
36 [140, 222]
36 [230, 181]
36 [121, 212]
36 [148, 14]
36 [86, 248]
36 [236, 153]
36 [101, 77]
36 [230, 34]
36 [63, 104]
36 [161, 127]
36 [9, 205]
36 [237, 98]
36 [212, 156]
36 [161, 234]
36 [8, 57]
36 [163, 192]
36 [184, 102]
36 [248, 114]
36 [51, 95]
36 [157, 201]
36 [242, 166]
36 [192, 92]
36 [160, 189]
36 [73, 178]
36 [148, 250]
36 [18, 211]
36 [76, 232]
36 [71, 88]
36 [28, 188]
36 [129, 215]
36 [181, 187]
36 [149, 159]
36 [241, 14]
36 [32, 171]
36 [241, 131]
36 [106, 50]
36 [154, 117]
36 [43, 47]
36 [6, 207]
36 [19, 53]
36 [239, 89]
36 [44, 2]
36 [150, 137]
36 [193, 185]
36 [250, 184]
36 [195, 40]
36 [11, 58]
36 [16, 43]
36 [241, 252]
36 [29, 4]
36 [83, 160]
36 [229, 173]
36 [2, 27]
36 [133, 151]
36 [156, 62]
36 [38, 213]
36 [52, 243]
36 [52, 18]
36 [184, 133]
36 [46, 196]
36 [169, 6]
36 [183, 245]
36 [47, 94]
36 [46, 167]
36 [131, 75]
36 [190, 85]
36 [252, 184]
36 [172, 237]
36 [221, 208]
36 [166, 243]
36 [73, 50]
36 [19, 168]
36 [98, 49]
36 [73, 218]
36 [4, 191]
36 [201, 232]
36 [218, 108]
36 [244, 101]
36 [246, 120]
36 [245, 104]
36 [119, 200]
36 [156, 110]
36 [149, 47]
36 [66, 19]
36 [79, 131]
36 [126, 114]
36 [75, 88]
36 [180, 116]
36 [249, 59]
36 [198, 210]
36 [101, 106]
36 [178, 179]
36 [72, 3]
36 [134, 20]
36 [160, 92]
36 [159, 66]
36 [233, 101]
36 [101, 234]
36 [37, 26]
36 [232, 88]
36 [246, 225]
36 [86, 96]
36 [208, 227]
36 [187, 77]
36 [14, 1]
36 [218, 112]
36 [170, 160]
36 [139, 47]
36 [18, 156]
36 [53, 252]
36 [89, 69]
36 [122, 12]
36 [200, 200]
36 [2, 105]
36 [56, 246]
36 [165, 211]
36 [227, 61]
36 [21, 147]
36 [223, 39]
36 [215, 62]
36 [103, 198]
36 [19, 115]
36 [77, 61]
36 [215, 224]
36 [216, 120]
36 [60, 239]
36 [206, 137]
36 [6, 228]
36 [193, 43]
36 [143, 30]
36 [134, 254]
36 [20, 54]
36 [178, 89]
36 [61, 81]
36 [0, 213]
36 [191, 127]
36 [35, 32]
36 [97, 126]
36 [164, 0]
36 [192, 35]
36 [141, 213]
36 [151, 102]
36 [199, 231]
36 [69, 241]
36 [74, 76]
36 [8, 169]
36 [102, 185]
36 [229, 34]
36 [237, 56]
36 [141, 36]
36 [149, 138]
36 [202, 180]
36 [140, 137]
36 [30, 75]
36 [152, 3]
36 [27, 204]
36 [209, 110]
36 [109, 146]
36 [166, 14]
36 [93, 160]
36 [19, 181]
36 [77, 252]
36 [77, 165]
36 [16, 254]
36 [210, 164]
36 [249, 75]
36 [213, 102]
36 [51, 175]
36 [29, 5]
36 [47, 95]
36 [57, 12]
36 [88, 11]
36 [197, 213]
36 [39, 151]
36 [94, 198]
36 [130, 78]
36 [153, 192]
36 [141, 153]
36 [81, 4]
36 [234, 172]
36 [45, 50]
36 [72, 120]
36 [115, 172]
36 [207, 220]
36 [251, 82]
36 [52, 125]
36 [220, 15]
36 [11, 107]
36 [227, 161]
36 [200, 133]
36 [7, 228]
36 [218, 142]
36 [188, 26]
36 [250, 110]
36 [175, 161]
36 [231, 253]
36 [38, 95]
36 [158, 185]
36 [5, 126]
36 [37, 7]
36 [182, 114]
36 [220, 94]
36 [209, 118]
36 [85, 234]
36 [135, 12]
36 [39, 211]
36 [111, 121]
36 [96, 106]
36 [135, 42]
36 [10, 82]
36 [250, 74]
36 [180, 30]
36 [213, 25]
36 [150, 50]
36 [51, 63]
36 [28, 172]
36 [174, 119]
36 [3, 116]
36 [163, 125]
36 [125, 240]
36 [88, 3]
36 [83, 226]
36 [223, 179]
36 [140, 201]
36 [42, 211]
36 [151, 30]
36 [149, 5]
36 [32, 39]
36 [162, 31]
36 [22, 4]
36 [208, 229]
36 [135, 46]
36 [86, 225]
36 [94, 226]
36 [118, 231]
36 [178, 86]
36 [233, 210]
36 [47, 85]
36 [92, 49]
36 [153, 93]
36 [161, 187]
36 [173, 160]
36 [84, 44]
36 [32, 96]
36 [221, 32]
36 [223, 71]
36 [24, 244]
36 [104, 146]
36 [20, 201]
36 [66, 19]
36 [177, 216]
36 [252, 162]
36 [64, 151]
36 [85, 100]
36 [53, 92]
36 [3, 100]
36 [13, 19]
36 [138, 86]
36 [204, 163]
36 [127, 91]
36 [228, 241]
36 [122, 55]
36 [3, 196]
36 [95, 117]
36 [142, 135]
36 [252, 49]
36 [14, 90]
36 [152, 85]
36 [17, 153]
36 [127, 236]
36 [166, 190]
36 [4, 227]
36 [147, 102]
36 [123, 20]
36 [214, 164]
36 [236, 200]
36 [238, 20]
36 [165, 71]
36 [69, 107]
36 [60, 223]
36 [251, 205]
36 [239, 240]
36 [142, 14]
36 [196, 21]
36 [76, 59]
36 [140, 246]
36 [252, 23]
36 [42, 18]
36 [28, 167]
36 [85, 42]
36 [85, 168]
36 [162, 227]
36 [175, 80]
36 [134, 8]
36 [239, 72]
36 [170, 197]
36 [43, 47]
36 [212, 253]
36 [69, 50]
36 [102, 236]
36 [207, 28]
36 [21, 231]
36 [30, 164]
36 [133, 18]
36 [223, 49]
36 [124, 92]
36 [218, 201]
36 [96, 42]
36 [162, 125]
36 [26, 41]
36 [177, 107]
36 [76, 123]
36 [137, 16]
36 [73, 33]
36 [69, 24]
36 [217, 210]
36 [73, 115]
36 [200, 26]
36 [212, 31]
36 [243, 154]
36 [137, 120]
36 [72, 14]
36 [57, 58]
36 [100, 116]
36 [101, 47]
36 [242, 215]
36 [118, 111]
36 [208, 246]
36 [49, 17]
36 [85, 70]
36 [211, 156]
36 [19, 77]
36 [154, 56]
36 [178, 214]
36 [3, 153]
36 [23, 183]
36 [229, 250]
36 [117, 160]
36 [158, 235]
36 [43, 233]
36 [107, 12]
36 [83, 250]
36 [86, 205]
36 [238, 248]
36 [170, 253]
36 [79, 218]
36 [54, 114]
36 [34, 193]
36 [65, 14]
36 [109, 186]
36 [17, 15]
36 [85, 116]
36 [170, 113]
36 [171, 29]
36 [79, 70]
36 [217, 113]
36 [254, 190]
36 [32, 119]
36 [177, 180]
36 [23, 215]
36 [80, 137]
36 [100, 207]
36 [111, 27]
36 [115, 111]
36 [74, 24]
36 [178, 5]
36 [80, 146]
36 [228, 199]
36 [8, 23]
36 [191, 63]
36 [84, 67]
36 [213, 182]
36 [32, 68]
36 [39, 85]
36 [137, 3]
36 [250, 249]
36 [253, 41]
36 [157, 212]
36 [251, 55]
36 [92, 181]
36 [56, 126]
36 [57, 79]
36 [77, 162]
36 [73, 106]
36 [37, 55]
36 [127, 80]
36 [52, 24]
36 [175, 175]
36 [104, 215]
36 [26, 7]
36 [59, 51]
36 [54, 121]
36 [64, 252]
36 [118, 54]
36 [18, 238]
36 [51, 41]
36 [19, 143]
36 [110, 200]
36 [164, 226]
36 [62, 140]
36 [193, 243]
36 [123, 106]
36 [70, 123]
36 [146, 117]
36 [199, 242]
36 [151, 167]
36 [247, 250]
36 [164, 36]
36 [226, 36]
36 [131, 194]
36 [23, 159]
36 [147, 57]
36 [72, 36]
36 [213, 89]
36 [188, 238]
36 [1, 142]
36 [179, 239]
36 [27, 245]
36 [108, 137]
36 [127, 171]
36 [107, 236]
36 [155, 62]
36 [135, 155]
36 [218, 1]
36 [194, 165]
36 [159, 127]
36 [186, 168]
36 [17, 234]
36 [140, 85]
36 [251, 19]
36 [122, 6]
36 [185, 210]
36 [239, 65]
36 [220, 169]
36 [218, 84]
36 [26, 18]
36 [159, 107]
36 [94, 203]
36 [39, 153]
36 [254, 160]
36 [15, 95]
36 [164, 27]
36 [52, 88]
36 [215, 228]
36 [34, 164]
36 [182, 212]
36 [71, 27]
36 [51, 216]
36 [36, 127]
36 [58, 63]
36 [216, 123]
36 [247, 65]
36 [202, 190]
36 [97, 219]
36 [42, 80]
36 [60, 46]
36 [92, 32]
36 [127, 5]
36 [222, 119]
36 [242, 16]
36 [118, 4]
36 [254, 209]
36 [171, 166]
36 [100, 141]
36 [252, 171]
36 [120, 187]
36 [208, 224]
36 [237, 55]
36 [239, 2]
36 [143, 160]
36 [146, 87]
36 [212, 170]
36 [185, 152]
36 [122, 246]
36 [166, 94]
36 [194, 223]
36 [171, 137]
36 [2, 137]
36 [113, 180]
36 [59, 97]
36 [169, 53]
36 [0, 0]
36 [201, 196]
36 [151, 233]
36 [203, 171]
36 [211, 204]
36 [200, 93]
36 [247, 109]
36 [142, 142]
36 [193, 212]
36 [144, 114]
36 [12, 212]
36 [14, 214]
36 [28, 119]
36 [16, 240]
36 [30, 244]
36 [183, 176]
36 [209, 225]
36 [89, 204]
36 [103, 94]
36 [171, 123]
36 [104, 180]
36 [60, 120]
36 [149, 1]
36 [42, 189]
36 [146, 104]
36 [35, 204]
36 [36, 11]
36 [38, 194]
36 [22, 210]
36 [140, 24]
36 [186, 61]
36 [2, 20]
36 [230, 227]
36 [236, 218]
36 [108, 158]
36 [205, 178]
36 [238, 9]
36 [171, 33]
36 [195, 39]
36 [132, 189]
36 [250, 141]
36 [124, 211]
36 [186, 32]
36 [123, 179]
36 [230, 30]
36 [63, 111]
36 [177, 2]
36 [63, 13]
36 [52, 129]
36 [168, 158]
36 [211, 199]
36 [113, 217]
36 [40, 208]
36 [6, 165]
36 [162, 141]
36 [35, 74]
36 [166, 217]
36 [48, 44]
36 [191, 22]
36 [149, 34]
36 [38, 209]
36 [78, 30]
36 [68, 238]
36 [217, 112]
36 [39, 10]
36 [23, 138]
36 [248, 55]
36 [166, 197]
36 [213, 46]
36 [243, 180]
36 [213, 134]
36 [188, 153]
36 [234, 43]
36 [223, 225]
36 [72, 180]
36 [68, 129]
36 [173, 172]
36 [29, 178]
36 [3, 201]
36 [143, 19]
36 [109, 18]
36 [64, 44]
36 [96, 195]
36 [141, 243]
36 [91, 235]
36 [167, 225]
36 [186, 241]
36 [179, 203]
36 [52, 121]
36 [126, 154]
36 [118, 238]
36 [94, 175]
36 [33, 133]
36 [235, 146]
36 [150, 107]
36 [240, 234]
36 [75, 44]
36 [2, 65]
36 [16, 219]
36 [97, 180]
36 [1, 118]
36 [246, 159]
36 [44, 123]
36 [193, 187]
36 [228, 36]
36 [221, 253]
36 [225, 48]
36 [83, 144]
36 [238, 76]
36 [159, 190]
36 [126, 148]
36 [80, 197]
36 [101, 194]
36 [187, 58]
36 [148, 145]
36 [136, 230]
36 [110, 116]
36 [144, 160]
36 [99, 65]
36 [101, 30]
36 [209, 226]
36 [84, 184]
36 [114, 163]
36 [166, 179]
36 [65, 20]
36 [62, 198]
36 [122, 216]
36 [172, 180]
36 [217, 142]
36 [158, 190]
36 [50, 98]
36 [90, 139]
36 [229, 4]
36 [77, 169]
36 [49, 151]
36 [40, 28]
36 [220, 147]
36 [63, 102]
36 [218, 243]
36 [187, 251]
36 [11, 56]
36 [103, 98]
36 [69, 110]
36 [47, 86]
36 [35, 38]
36 [70, 37]
36 [254, 101]
36 [180, 1]
36 [1, 28]
36 [149, 202]
36 [150, 168]
36 [20, 141]
36 [146, 161]
36 [127, 53]
36 [27, 22]
36 [19, 29]
36 [31, 113]
36 [73, 122]
36 [167, 18]
36 [3, 192]
36 [205, 109]
36 [248, 126]
36 [92, 145]
36 [172, 239]
36 [102, 50]
36 [151, 167]
36 [142, 19]
36 [13, 190]
36 [27, 182]
36 [187, 13]
36 [53, 74]
36 [240, 110]
36 [218, 220]
36 [223, 211]
36 [165, 228]
36 [219, 27]
36 [190, 13]
36 [73, 133]
36 [218, 164]
36 [241, 71]
36 [145, 207]
36 [11, 40]
36 [111, 98]
36 [164, 161]
36 [208, 183]
36 [45, 13]
36 [72, 162]
36 [159, 166]
36 [206, 223]
36 [168, 53]
36 [124, 224]
36 [52, 67]
36 [51, 154]
36 [225, 93]
36 [33, 76]
36 [214, 56]
36 [66, 136]
36 [18, 241]
36 [66, 98]
36 [212, 27]
36 [244, 115]
36 [89, 125]
36 [5, 188]
36 [216, 36]
36 [60, 27]
36 [67, 148]
36 [230, 199]
36 [109, 237]
36 [154, 232]
36 [177, 151]
36 [14, 157]
36 [74, 188]
36 [143, 127]
36 [11, 87]
36 [254, 253]
36 [206, 216]
36 [189, 47]
36 [171, 179]
36 [187, 180]
36 [241, 179]
36 [190, 208]
36 [120, 82]
36 [126, 110]
36 [2, 168]
36 [184, 172]
36 [82, 71]
36 [36, 8]
36 [169, 126]
36 [196, 15]
36 [58, 0]
36 [62, 174]
36 [151, 182]
36 [216, 227]
36 [52, 133]
36 [248, 27]
36 [32, 59]
36 [59, 204]
36 [195, 83]
36 [187, 203]
36 [180, 169]
36 [63, 191]
36 [167, 117]
36 [215, 149]
36 [215, 77]
36 [55, 12]
36 [145, 54]
36 [129, 171]
36 [189, 144]
36 [102, 244]
36 [78, 131]
36 [116, 171]
36 [161, 225]
36 [14, 54]
36 [117, 93]
36 [57, 111]
36 [216, 1]
36 [48, 251]
36 [198, 159]
36 [55, 71]
36 [46, 74]
36 [146, 52]
36 [145, 76]
36 [158, 136]
36 [138, 109]
36 [237, 237]
36 [122, 7]
36 [178, 114]
36 [120, 65]
36 [102, 24]
36 [212, 241]
36 [108, 251]
36 [44, 119]
36 [206, 36]
36 [59, 166]
36 [57, 94]
36 [138, 147]
36 [89, 37]
36 [180, 45]
36 [43, 86]
36 [165, 144]
36 [51, 70]
36 [179, 70]
36 [186, 160]
36 [157, 143]
36 [143, 247]
36 [120, 215]
36 [66, 59]
36 [75, 234]
36 [208, 33]
36 [141, 223]
36 [226, 114]
36 [109, 203]
36 [164, 214]
36 [244, 15]
36 [63, 153]
36 [19, 247]
36 [228, 135]
36 [247, 174]
36 [157, 169]
36 [235, 228]
36 [126, 16]
36 [115, 187]
36 [208, 7]
36 [98, 182]
36 [103, 80]
36 [98, 212]
36 [182, 21]
36 [33, 82]
36 [154, 243]
36 [161, 182]
36 [170, 188]
36 [214, 33]
36 [125, 133]
36 [233, 7]
36 [169, 55]
36 [144, 247]
36 [160, 225]
36 [37, 63]
36 [76, 172]
36 [95, 91]
36 [169, 219]
36 [86, 35]
36 [69, 173]
36 [105, 3]
36 [102, 208]
36 [49, 132]
36 [139, 145]
36 [203, 176]
36 [213, 182]
36 [126, 150]
36 [134, 193]
36 [251, 239]
36 [183, 121]
36 [114, 44]
36 [220, 98]
36 [38, 131]
36 [127, 241]
36 [74, 8]
36 [253, 13]
36 [166, 191]
36 [44, 100]
36 [10, 27]
36 [46, 45]
36 [1, 136]
36 [149, 169]
36 [4, 213]
36 [207, 6]
36 [27, 24]
36 [0, 159]
36 [137, 209]
36 [133, 34]
36 [12, 122]
36 [21, 105]
36 [112, 59]
36 [185, 240]
36 [230, 57]
36 [136, 242]
36 [102, 133]
36 [168, 237]
36 [244, 141]
36 [134, 238]
36 [173, 186]
36 [49, 229]
36 [105, 4]
36 [31, 142]
36 [9, 89]
36 [140, 153]
36 [251, 236]
36 [89, 235]
36 [45, 29]
36 [174, 91]
36 [117, 46]
36 [7, 253]
36 [56, 75]
36 [169, 186]
36 [133, 50]
36 [23, 247]
36 [204, 139]
36 [195, 138]
36 [150, 87]
36 [239, 85]
36 [75, 170]
36 [83, 193]
36 [132, 174]
36 [67, 106]
36 [142, 211]
36 [179, 252]
36 [15, 92]
36 [89, 82]
36 [9, 165]
36 [116, 224]
36 [247, 72]
36 [171, 185]
36 [84, 166]
36 [201, 109]
36 [89, 183]
36 [171, 220]
36 [220, 204]
36 [145, 50]
36 [178, 154]
36 [78, 215]
36 [55, 112]
36 [178, 252]
36 [75, 163]
36 [146, 124]
36 [121, 127]
36 [196, 54]
36 [208, 187]
36 [249, 107]
36 [161, 58]
36 [200, 139]
36 [78, 230]
36 [90, 45]
36 [156, 80]
36 [19, 185]
36 [126, 253]
36 [23, 65]
36 [134, 228]
36 [20, 108]
36 [251, 199]
36 [189, 114]
36 [22, 100]
36 [15, 62]
36 [95, 185]
36 [161, 11]
36 [126, 60]
36 [173, 112]
36 [178, 114]
36 [132, 239]
36 [184, 109]
36 [220, 208]
36 [91, 105]
36 [149, 148]
36 [92, 7]
36 [0, 195]
36 [228, 59]
36 [30, 47]
36 [181, 92]
36 [123, 99]
36 [39, 68]
36 [79, 19]
36 [46, 221]
36 [167, 211]
36 [51, 206]
36 [37, 155]
36 [148, 109]
36 [198, 161]
36 [61, 77]
36 [114, 205]
36 [120, 132]
36 [82, 168]
36 [187, 146]
36 [41, 214]
36 [180, 210]
36 [152, 61]
36 [121, 225]
36 [178, 166]
36 [188, 76]
36 [245, 185]
36 [80, 12]
36 [128, 40]
36 [42, 171]
36 [160, 239]
36 [165, 34]
36 [37, 212]
36 [180, 53]
36 [55, 103]
36 [77, 87]
36 [86, 236]
36 [16, 123]
36 [41, 102]
36 [23, 150]
36 [229, 124]
36 [141, 140]
36 [227, 215]
36 [1, 36]
36 [187, 192]
36 [126, 82]
36 [188, 193]
36 [74, 64]
36 [3, 3]
36 [212, 82]
36 [231, 228]
36 [39, 209]
36 [35, 61]
36 [13, 240]
36 [201, 235]
36 [174, 29]
36 [0, 236]
36 [70, 223]
36 [252, 176]
36 [95, 35]
36 [127, 128]
36 [230, 235]
36 [100, 129]
36 [9, 86]
36 [224, 78]
36 [223, 195]
36 [7, 169]
36 [5, 237]
36 [93, 162]
36 [21, 209]
36 [161, 14]
36 [170, 171]
36 [36, 41]
36 [98, 161]
36 [116, 107]
36 [8, 219]
36 [184, 224]
36 [243, 16]
36 [21, 105]
36 [180, 80]
36 [254, 25]
36 [60, 59]
36 [90, 0]
36 [229, 252]
36 [21, 123]
36 [48, 201]
36 [229, 5]
36 [200, 112]
36 [27, 117]
36 [191, 129]
36 [1, 142]
36 [231, 236]
36 [99, 203]
36 [222, 10]
36 [109, 202]
36 [192, 7]
36 [78, 110]
36 [78, 138]
36 [121, 223]
36 [57, 212]
36 [156, 176]
36 [158, 49]
36 [203, 17]
36 [19, 113]
36 [161, 252]
36 [125, 83]
36 [225, 91]
36 [113, 217]
36 [5, 41]
36 [84, 139]
36 [40, 89]
36 [69, 5]
36 [132, 75]
36 [176, 199]
36 [214, 43]
36 [185, 70]
36 [138, 156]
36 [140, 163]
36 [234, 44]
36 [133, 35]
36 [160, 179]
36 [19, 77]
36 [98, 193]
36 [240, 181]
36 [141, 211]
36 [103, 209]
36 [5, 150]
36 [48, 94]
36 [44, 59]
36 [21, 141]
36 [163, 221]
36 [8, 90]
36 [27, 72]
36 [170, 158]
36 [12, 35]
36 [153, 204]
36 [87, 112]
36 [213, 112]
36 [67, 117]
36 [211, 110]
36 [2, 43]
36 [76, 136]
36 [253, 142]
36 [2, 135]
36 [4, 81]
36 [3, 13]
36 [136, 18]
36 [13, 233]
36 [35, 3]
36 [37, 126]
36 [120, 63]
36 [10, 227]
36 [113, 190]
36 [57, 83]
36 [112, 100]
36 [95, 207]
36 [16, 205]
36 [37, 120]
36 [105, 62]
36 [170, 29]
36 [74, 57]
36 [139, 42]
36 [51, 202]
36 [171, 74]
36 [26, 249]
36 [109, 248]
36 [95, 107]
36 [116, 17]
36 [168, 121]
36 [231, 22]
36 [41, 113]
36 [57, 114]
36 [13, 236]
36 [53, 134]
36 [152, 221]
36 [172, 10]
36 [176, 186]
36 [185, 190]
36 [119, 116]
36 [8, 88]
36 [189, 193]
36 [174, 56]
36 [40, 212]
36 [160, 39]
36 [81, 206]
36 [141, 11]
36 [229, 73]
36 [9, 181]
36 [227, 179]
36 [156, 77]
36 [50, 123]
36 [15, 42]
36 [152, 46]
36 [215, 202]
36 [4, 123]
36 [112, 7]
36 [153, 85]
36 [166, 172]
36 [182, 128]
36 [80, 81]
36 [7, 11]
36 [198, 94]
36 [203, 203]
36 [61, 81]
36 [207, 133]
36 [194, 39]
36 [196, 80]
36 [249, 104]
36 [232, 140]
36 [122, 156]
36 [247, 146]
36 [142, 20]
36 [168, 8]
36 [84, 79]
36 [43, 125]
36 [232, 241]
36 [97, 123]
36 [242, 213]
36 [60, 4]
36 [8, 52]
36 [0, 87]
36 [17, 209]
36 [12, 125]
36 [141, 211]
36 [81, 172]
36 [173, 214]
36 [111, 4]
36 [79, 78]
36 [133, 85]
36 [109, 227]
36 [184, 110]
36 [69, 140]
36 [131, 19]
36 [4, 58]
36 [32, 162]
36 [170, 25]
36 [211, 164]
36 [32, 183]
36 [184, 241]
36 [25, 250]
36 [152, 92]
36 [65, 26]
36 [14, 228]
36 [45, 199]
36 [176, 212]
36 [65, 222]
36 [109, 13]
36 [204, 98]
36 [89, 212]
36 [20, 238]
36 [69, 70]
36 [128, 205]
36 [128, 142]
36 [22, 235]
36 [16, 131]
36 [189, 34]
36 [139, 137]
36 [209, 26]
36 [212, 0]
36 [86, 163]
36 [58, 121]
36 [105, 179]
36 [172, 48]
36 [87, 225]
36 [238, 241]
36 [95, 9]
36 [101, 180]
36 [239, 191]
36 [2, 24]
36 [84, 147]
36 [21, 201]
36 [56, 181]
36 [123, 48]
36 [11, 156]
36 [216, 247]
36 [50, 206]
36 [178, 177]
36 [117, 193]
36 [195, 71]
36 [250, 5]
36 [236, 91]
36 [71, 84]
36 [76, 5]
36 [42, 242]
36 [209, 252]
36 [148, 235]
36 [250, 62]
36 [232, 65]
36 [234, 66]
36 [166, 251]
36 [159, 186]
36 [67, 187]
36 [104, 188]
36 [238, 33]
36 [175, 238]
36 [129, 19]
36 [26, 99]
36 [100, 91]
36 [236, 147]
36 [164, 88]
36 [210, 190]
36 [252, 249]
36 [139, 171]
36 [103, 43]
36 [119, 168]
36 [213, 65]
36 [15, 32]
36 [162, 142]
36 [195, 205]
36 [191, 247]
36 [43, 136]
36 [210, 233]
36 [82, 205]
36 [103, 118]
36 [144, 179]
36 [172, 107]
36 [106, 238]
36 [60, 12]
36 [66, 215]
36 [166, 76]
36 [244, 192]
36 [112, 116]
36 [217, 191]
36 [70, 151]
36 [165, 75]
36 [242, 183]
36 [124, 18]
36 [124, 191]
36 [174, 62]
36 [169, 106]
36 [251, 153]
36 [25, 205]
36 [91, 188]
36 [141, 141]
36 [169, 114]
36 [77, 192]
36 [211, 29]
36 [18, 111]
36 [219, 174]
36 [149, 207]
36 [93, 197]
36 [236, 101]
36 [0, 2]
36 [24, 32]
36 [50, 18]
36 [251, 86]
36 [107, 155]
36 [207, 24]
36 [222, 55]
36 [183, 195]
36 [20, 130]
36 [33, 32]
36 [99, 84]
36 [51, 159]
36 [147, 47]
36 [191, 131]
36 [218, 54]
36 [181, 105]
36 [230, 149]
36 [197, 228]
36 [152, 153]
36 [233, 39]
36 [30, 171]
36 [212, 15]
36 [201, 174]
36 [122, 152]
36 [58, 164]
36 [47, 184]
36 [186, 48]
36 [209, 75]
36 [193, 195]
36 [71, 37]
36 [73, 56]
36 [180, 138]
36 [57, 65]
36 [179, 59]
36 [216, 55]
36 [129, 67]
36 [220, 37]
36 [151, 170]
36 [61, 90]
36 [244, 208]
36 [48, 205]
36 [196, 200]
36 [108, 188]
36 [229, 150]
36 [165, 209]
36 [58, 60]
36 [51, 93]
36 [157, 194]
36 [241, 200]
36 [106, 112]
36 [135, 188]
36 [122, 210]
36 [219, 220]
36 [27, 18]
36 [170, 7]
36 [188, 120]
36 [127, 110]
36 [105, 91]
36 [199, 215]
36 [223, 222]
36 [38, 218]
36 [190, 169]
36 [42, 205]
36 [176, 157]
36 [69, 174]
36 [15, 135]
36 [128, 134]
36 [234, 89]
36 [58, 31]
36 [74, 164]
36 [129, 244]
36 [117, 182]
36 [85, 212]
36 [15, 21]
36 [63, 169]
36 [141, 177]
36 [135, 152]
36 [232, 153]
36 [179, 227]
36 [151, 87]
36 [208, 249]
36 [238, 122]
36 [249, 6]
36 [10, 173]
36 [249, 125]
36 [112, 151]
36 [87, 120]
36 [178, 245]
36 [252, 178]
36 [31, 247]
36 [192, 10]
36 [230, 172]
36 [212, 180]
36 [220, 86]
36 [83, 179]
36 [169, 250]
36 [179, 141]
36 [99, 78]
36 [43, 63]
36 [225, 50]
36 [187, 228]
36 [247, 74]
36 [38, 160]
36 [195, 37]
36 [16, 109]
36 [71, 226]
36 [112, 28]
36 [44, 188]
36 [153, 21]
36 [211, 44]
36 [3, 75]
36 [218, 213]
36 [10, 16]
36 [133, 109]
36 [220, 233]
36 [171, 94]
36 [18, 71]
36 [16, 128]
36 [158, 117]
36 [103, 4]
36 [37, 252]
36 [7, 224]
36 [117, 86]
36 [32, 118]
36 [155, 246]
36 [227, 179]
36 [84, 211]
36 [5, 236]
36 [161, 97]
36 [143, 243]
36 [201, 182]
36 [100, 151]
36 [132, 203]
36 [194, 246]
36 [82, 215]
36 [22, 85]
36 [207, 90]
36 [153, 231]
36 [228, 16]
36 [107, 24]
36 [71, 239]
36 [38, 231]
36 [9, 253]
36 [163, 167]
36 [21, 79]
36 [91, 208]
36 [33, 221]
36 [181, 62]
36 [251, 91]
36 [60, 21]
36 [36, 174]
36 [83, 154]
36 [50, 151]
36 [109, 82]
36 [33, 244]
36 [28, 205]
36 [110, 110]
36 [72, 156]
36 [52, 155]
36 [101, 121]
36 [105, 220]
36 [148, 53]
36 [26, 76]
36 [38, 166]
36 [90, 49]
36 [29, 100]
36 [94, 67]
36 [250, 144]
36 [210, 224]
36 [140, 71]
36 [223, 39]
36 [217, 4]
36 [63, 235]
36 [15, 129]
36 [152, 210]
36 [219, 186]
36 [131, 43]
36 [75, 39]
36 [68, 168]
36 [189, 16]
36 [206, 239]
36 [250, 31]
36 [26, 18]
36 [191, 108]
36 [178, 57]
36 [252, 177]
36 [232, 130]
36 [191, 230]
36 [186, 38]
36 [169, 214]
36 [59, 215]
36 [171, 103]
36 [151, 75]
36 [197, 228]
36 [237, 78]
36 [165, 17]
36 [93, 2]
36 [197, 179]
36 [187, 121]
36 [99, 243]
36 [163, 72]
36 [75, 249]
36 [63, 158]
36 [144, 204]
36 [126, 66]
36 [26, 87]
36 [118, 85]
36 [105, 172]
36 [18, 54]
36 [229, 25]
36 [118, 155]
36 [104, 201]
36 [215, 204]
36 [178, 83]
36 [20, 222]
36 [237, 135]
36 [239, 210]
36 [46, 9]
36 [237, 208]
36 [232, 120]
36 [228, 36]
36 [136, 55]
36 [53, 243]
36 [58, 214]
36 [67, 89]
36 [181, 144]
36 [97, 31]
36 [225, 76]
36 [159, 79]
36 [151, 144]
36 [116, 144]
36 [201, 97]
36 [156, 160]
36 [56, 140]
36 [7, 16]
36 [169, 112]
36 [156, 94]
36 [101, 194]
36 [139, 157]
36 [56, 66]
36 [145, 88]
36 [2, 232]
36 [154, 33]
36 [20, 51]
36 [169, 3]
36 [237, 236]
36 [194, 248]
36 [238, 84]
36 [217, 186]
36 [30, 252]
36 [171, 205]
36 [125, 73]
36 [141, 90]
36 [223, 28]
36 [61, 165]
36 [254, 78]
36 [69, 224]
36 [182, 254]
36 [81, 206]
36 [141, 243]
36 [166, 4]
36 [123, 80]
36 [125, 12]
36 [143, 82]
36 [147, 91]
36 [9, 13]
36 [120, 67]
36 [204, 26]
36 [174, 161]
36 [55, 84]
36 [90, 171]
36 [171, 68]
36 [28, 145]
36 [128, 206]
36 [66, 65]
36 [228, 182]
36 [213, 2]
36 [9, 227]
36 [59, 124]
36 [155, 132]
36 [248, 211]
36 [81, 249]
36 [175, 53]
36 [169, 141]
36 [86, 12]
36 [149, 96]
36 [176, 129]
36 [232, 3]
36 [117, 120]
36 [49, 126]
36 [73, 162]
36 [163, 228]
36 [147, 220]
36 [196, 204]
36 [113, 210]
36 [198, 117]
36 [227, 215]
36 [45, 236]
36 [130, 55]
36 [2, 33]
36 [142, 222]
36 [218, 241]
36 [120, 36]
36 [231, 242]
36 [139, 238]
36 [231, 91]
36 [23, 25]
36 [232, 144]
36 [152, 224]
36 [3, 200]
36 [204, 49]
36 [13, 71]
36 [66, 62]
36 [202, 221]
36 [200, 19]
36 [85, 186]
36 [238, 7]
36 [194, 81]
36 [66, 28]
36 [196, 26]
36 [7, 222]
36 [241, 136]
36 [159, 90]
36 [28, 238]
36 [175, 61]
36 [222, 79]
36 [173, 12]
36 [247, 26]
36 [7, 176]
36 [237, 99]
36 [28, 85]
36 [104, 88]
36 [50, 47]
36 [91, 5]
36 [159, 77]
36 [115, 128]
36 [149, 60]
36 [237, 187]
36 [237, 160]
36 [56, 168]
36 [51, 84]
36 [221, 38]
36 [186, 139]
36 [65, 184]
36 [123, 187]
36 [51, 39]
36 [156, 222]
36 [212, 144]
36 [69, 39]
36 [40, 234]
36 [116, 121]
36 [81, 156]
36 [27, 210]
36 [214, 75]
36 [82, 84]
36 [146, 73]
36 [203, 79]
36 [169, 225]
36 [62, 121]
36 [172, 128]
36 [176, 242]
36 [52, 52]
36 [90, 47]
36 [203, 14]
36 [201, 98]
36 [43, 125]
36 [152, 71]
36 [153, 218]
36 [22, 177]
36 [52, 219]
36 [123, 176]
36 [75, 100]
36 [171, 187]
36 [235, 233]
36 [18, 162]
36 [47, 142]
36 [150, 18]
36 [196, 93]
36 [41, 26]
36 [154, 104]
36 [25, 200]
36 [45, 129]
36 [251, 33]
36 [183, 100]
36 [197, 120]
36 [199, 77]
36 [232, 159]
36 [184, 98]
36 [14, 6]
36 [102, 5]
36 [253, 250]
36 [120, 238]
36 [53, 177]
36 [70, 235]
36 [232, 237]
36 [2, 144]
36 [245, 133]
36 [169, 170]
36 [129, 36]
36 [138, 87]
36 [23, 153]
36 [207, 82]
36 [159, 36]
36 [153, 139]
36 [79, 185]
36 [155, 125]
36 [121, 160]
36 [23, 51]
36 [63, 78]
36 [227, 143]
36 [26, 230]
36 [148, 25]
36 [113, 77]
36 [71, 209]
36 [152, 178]
36 [14, 36]
36 [36, 107]
36 [103, 211]
36 [12, 205]
36 [155, 169]
36 [135, 239]
36 [9, 107]
36 [12, 157]
36 [250, 118]
36 [77, 116]
36 [222, 160]
36 [252, 242]
36 [40, 29]
36 [252, 50]
36 [155, 72]
36 [0, 8]
36 [125, 67]
36 [190, 7]
36 [227, 162]
36 [168, 251]
36 [64, 100]
36 [82, 185]
36 [11, 13]
36 [197, 233]
36 [119, 5]
36 [221, 147]
36 [187, 251]
36 [243, 37]
36 [34, 2]
36 [76, 194]
36 [36, 6]
36 [2, 61]
36 [137, 124]
36 [59, 253]
36 [190, 160]
36 [219, 83]
36 [145, 229]
36 [149, 127]
36 [163, 29]
36 [145, 159]
36 [20, 5]
36 [55, 210]
36 [183, 251]
36 [122, 154]
36 [49, 49]
36 [118, 115]
36 [57, 50]
36 [178, 84]
36 [136, 69]
36 [221, 39]
36 [80, 131]
36 [90, 135]
36 [88, 162]
36 [246, 248]
36 [153, 129]
36 [45, 129]
36 [85, 25]
36 [141, 166]
36 [42, 190]
36 [195, 166]
36 [218, 188]
36 [112, 121]
36 [2, 87]
36 [160, 25]
36 [60, 103]
36 [60, 0]
36 [123, 251]
36 [34, 64]
36 [121, 238]
36 [158, 215]
36 [27, 1]
36 [42, 23]
36 [177, 80]
36 [198, 78]
36 [76, 166]
36 [118, 247]
36 [30, 74]
36 [175, 29]
36 [170, 123]
36 [222, 79]
36 [244, 189]
36 [72, 118]
36 [152, 26]
36 [153, 65]
36 [88, 168]
36 [50, 126]
36 [89, 140]
36 [118, 153]
36 [26, 56]
36 [97, 83]
36 [116, 103]
36 [122, 87]
36 [122, 173]
36 [115, 15]
36 [151, 105]
36 [62, 77]
36 [86, 110]
36 [223, 69]
36 [234, 61]
36 [92, 231]
36 [158, 205]
36 [127, 43]
36 [159, 39]
36 [57, 242]
36 [130, 154]
36 [187, 33]
36 [211, 225]
36 [9, 115]
36 [160, 48]
36 [177, 47]
36 [2, 113]
36 [137, 35]
36 [197, 50]
36 [201, 18]
36 [15, 193]
36 [207, 77]
36 [150, 7]
36 [8, 16]
36 [206, 80]
36 [23, 71]
36 [146, 209]
36 [178, 102]
36 [92, 90]
36 [127, 65]
36 [39, 96]
36 [42, 217]
36 [71, 67]
36 [9, 78]
36 [10, 180]
36 [192, 94]
36 [84, 69]
36 [124, 76]
36 [212, 17]
36 [109, 70]
36 [92, 93]
36 [241, 107]
36 [212, 8]
36 [4, 3]
36 [243, 220]
36 [27, 174]
36 [121, 177]
36 [176, 161]
36 [208, 95]
36 [64, 4]
36 [249, 132]
36 [104, 97]
36 [52, 253]
36 [236, 160]
36 [242, 135]
36 [150, 174]
36 [139, 114]
36 [239, 51]
36 [82, 251]
36 [126, 16]
36 [32, 126]
36 [3, 219]
36 [215, 180]
36 [162, 60]
36 [47, 218]
36 [176, 247]
36 [75, 241]
36 [19, 104]
36 [33, 209]
36 [108, 190]
36 [89, 110]
36 [248, 89]
36 [253, 201]
36 [85, 71]
36 [81, 140]
36 [58, 124]
36 [117, 217]
36 [174, 79]
36 [240, 189]
36 [83, 132]
36 [12, 101]
36 [62, 24]
36 [0, 204]
36 [154, 189]
36 [30, 240]
36 [142, 199]
36 [29, 130]
36 [94, 146]
36 [101, 87]
36 [167, 190]
36 [225, 99]
36 [195, 55]
36 [6, 254]
36 [50, 176]
36 [157, 80]
36 [74, 30]
36 [235, 208]
36 [25, 173]
36 [12, 77]
36 [93, 73]
36 [170, 150]
36 [50, 134]
36 [136, 72]
36 [6, 57]
36 [23, 83]
36 [16, 33]
36 [216, 86]
36 [57, 199]
36 [244, 11]
36 [222, 221]
36 [151, 5]
36 [40, 253]
36 [39, 59]
36 [57, 54]
36 [170, 166]
36 [234, 41]
36 [150, 73]
36 [220, 163]
36 [175, 59]
36 [40, 103]
36 [140, 160]
36 [189, 210]
36 [44, 209]
36 [188, 154]
36 [163, 215]
36 [127, 182]
36 [252, 69]
36 [80, 155]
36 [41, 217]
36 [177, 73]
36 [149, 32]
36 [77, 221]
36 [168, 73]
36 [236, 114]
36 [112, 135]
36 [98, 229]
36 [51, 38]
36 [147, 136]
36 [3, 92]
36 [39, 111]
36 [43, 221]
36 [106, 157]
36 [175, 12]
36 [151, 63]
36 [111, 206]
36 [188, 214]
36 [229, 31]
36 [79, 11]
36 [39, 67]
36 [224, 235]
36 [83, 10]
36 [102, 178]
36 [231, 143]
36 [32, 82]
36 [77, 115]
36 [195, 196]
36 [248, 2]
36 [76, 19]
36 [249, 125]
36 [87, 6]
36 [146, 197]
36 [136, 249]
36 [192, 11]
36 [18, 36]
36 [113, 144]
36 [91, 153]
36 [69, 219]
36 [96, 58]
36 [90, 149]
36 [87, 217]
36 [83, 77]
36 [159, 90]
36 [42, 131]
36 [72, 8]
36 [236, 141]
36 [50, 114]
36 [75, 147]
36 [214, 40]
36 [61, 227]
36 [6, 190]
36 [32, 174]
36 [30, 237]
36 [78, 212]
36 [41, 68]
36 [213, 78]
36 [46, 135]
36 [24, 61]
36 [225, 74]
36 [60, 131]
36 [1, 196]
36 [192, 141]
36 [243, 209]
36 [15, 1]
36 [69, 242]
36 [250, 101]
36 [250, 211]
36 [39, 56]
36 [208, 89]
36 [67, 144]
36 [85, 164]
36 [142, 172]
36 [71, 78]
36 [112, 115]
36 [36, 36]
36 [191, 24]
36 [253, 113]
36 [126, 153]
36 [99, 145]
36 [182, 158]
36 [14, 116]
36 [25, 146]
36 [101, 75]
36 [148, 184]
36 [182, 61]
36 [254, 29]
36 [0, 76]
36 [238, 5]
36 [100, 81]
36 [18, 102]
36 [12, 163]
36 [10, 201]
36 [12, 43]
36 [170, 52]
36 [68, 29]
36 [207, 64]
36 [169, 62]
36 [76, 199]
36 [202, 95]
36 [185, 218]
36 [19, 5]
36 [45, 43]
36 [30, 61]
36 [186, 77]
36 [212, 237]
36 [160, 61]
36 [8, 56]
36 [195, 82]
36 [180, 165]
36 [70, 90]
36 [175, 40]
36 [0, 89]
36 [175, 153]
36 [71, 154]
36 [16, 231]
36 [132, 62]
36 [149, 133]
36 [236, 112]
36 [99, 192]
36 [247, 77]
36 [122, 96]
36 [31, 71]
36 [109, 147]
36 [200, 243]
36 [79, 54]
36 [42, 163]
36 [175, 6]
36 [177, 139]
36 [53, 83]
36 [64, 50]
36 [186, 191]
36 [25, 100]
36 [113, 161]
36 [131, 140]
36 [105, 73]
36 [153, 225]
36 [161, 105]
36 [169, 82]
36 [112, 2]
36 [65, 213]
36 [245, 132]
36 [62, 226]
36 [28, 20]
36 [96, 130]
36 [23, 54]
36 [117, 7]
36 [3, 140]
36 [215, 230]
36 [193, 103]
36 [185, 188]
36 [145, 126]
36 [230, 129]
36 [208, 38]
36 [171, 249]
36 [152, 148]
36 [30, 225]
36 [173, 65]
36 [64, 2]
36 [41, 150]
36 [62, 3]
36 [224, 9]
36 [218, 2]
36 [152, 23]
36 [31, 197]
36 [216, 171]
36 [5, 189]
36 [236, 32]
36 [138, 58]
36 [13, 202]
36 [147, 195]
36 [178, 14]
36 [244, 185]
36 [226, 57]
36 [242, 84]
36 [33, 251]
36 [54, 254]
36 [103, 160]
36 [207, 225]
36 [45, 182]
36 [191, 84]
36 [248, 48]
36 [89, 159]
36 [101, 126]
36 [196, 147]
36 [252, 131]
36 [122, 2]
36 [98, 181]
36 [22, 11]
36 [227, 151]
36 [3, 253]
36 [250, 130]
36 [191, 33]
36 [188, 22]
36 [219, 233]
36 [81, 193]
36 [168, 166]
36 [181, 139]
36 [30, 234]
36 [71, 131]
36 [192, 50]
36 [190, 164]
36 [49, 244]
36 [227, 155]
36 [8, 62]
36 [234, 242]
36 [220, 253]
36 [214, 130]
36 [210, 38]
36 [35, 254]
36 [153, 110]
36 [160, 19]
36 [148, 238]
36 [93, 193]
36 [21, 224]
36 [77, 174]
36 [237, 234]
36 [93, 48]
36 [167, 175]
36 [70, 7]
36 [65, 212]
36 [161, 243]
36 [7, 72]
36 [93, 0]
36 [141, 78]
36 [120, 149]
36 [58, 217]
36 [36, 239]
36 [24, 225]
36 [6, 194]
36 [63, 240]
36 [246, 223]
36 [42, 184]
36 [252, 187]
36 [100, 239]
36 [231, 253]
36 [48, 4]
36 [42, 131]
36 [17, 161]
36 [152, 90]
36 [212, 224]
36 [229, 80]
36 [165, 213]
36 [153, 212]
36 [163, 119]
36 [10, 0]
36 [250, 170]
36 [92, 77]
36 [138, 60]
36 [63, 92]
36 [108, 181]
36 [53, 6]
36 [249, 89]
36 [74, 101]
36 [163, 125]
36 [126, 68]
36 [133, 182]
36 [222, 54]
36 [145, 212]
